TEMPORAL
SEQUENTIAL
SECOND   rate_shape
1   0.000000
2   2.580000
3   8.610000
4   14.630000
5   13.850000
6   12.160000
7   13.710000
8   14.150000
9   14.950000
10   13.610000
11   12.010000
12   12.450000
13   12.740000
14   12.450000
15   13.060000
16   14.170000
17   14.110000
18   13.590000
19   13.780000
20   14.040000
21   13.610000
22   13.350000
23   13.890000
24   14.280000
25   14.220000
26   14.360000
27   14.520000
28   14.400000
29   14.250000
30   14.220000
31   14.350000
32   14.353677
33   14.264068
34   14.335220
35   14.388299
36   14.448581
37   14.387986
38   14.272699
39   14.370559
40   14.402012
41   14.378205
42   14.303245
43   14.324073
44   14.368576
45   14.416745
46   14.346994
47   14.350334
48   14.408115
49   14.408311
50   14.369079
51   14.293429
52   14.325176
53   14.382588
54   14.399080
55   14.378185
56   14.329425
57   14.363671
58   14.283224
59   14.392588
60   14.322735
61   14.439694
62   14.330222
63   14.333859
64   14.329451
65   14.451897
66   14.376066
67   14.274763
68   14.287046
69   14.406530
70   14.365192
71   14.385346
72   14.293247
73   14.317841
74   14.368907
75   14.264387
76   14.352717
77   14.374710
78   14.303159
79   14.335596
80   14.410368
81   14.425210
82   14.300215
83   14.371716
84   14.359912
85   14.297696
86   14.399452
87   14.326603
88   14.383739
89   14.290718
90   14.351828
91   14.387407
92   14.377236
93   14.328148
94   14.380075
95   14.315903
96   14.297280
97   14.368962
98   14.390153
99   14.374362
100   14.305000
101   14.383219
102   14.361067
103   14.354948
104   14.339107
105   14.340658
106   14.403884
107   14.326744
108   14.315887
109   14.362396
110   14.379127
111   14.344817
112   14.433679
113   14.399499
114   14.412939
115   14.411503
116   14.341402
117   14.215668
118   14.417057
119   14.328675
120   14.452074
121   14.368638
122   14.298440
123   14.288702
124   14.326806
125   14.347353
126   14.380014
127   14.308184
128   14.425074
129   14.400136
130   14.335148
131   14.250426
132   14.351222
133   14.368052
134   14.395537
135   14.328713
136   14.315693
137   14.389616
138   14.400086
139   14.332378
140   14.378369
141   14.348704
142   14.360089
143   14.357957
144   14.309966
145   14.307838
146   14.362444
147   14.375090
148   14.293578
149   14.386487
150   14.312905
151   14.414158
152   14.344323
153   14.327198
154   14.402716
155   14.345596
156   14.357640
157   14.262567
158   14.282064
159   14.378162
160   14.316940
161   14.367979
162   14.377783
163   14.264512
164   14.392405
165   14.385822
166   14.332427
167   14.396742
168   14.297791
169   14.421570
170   14.346363
171   14.261151
172   14.286363
173   14.325885
174   14.375204
175   14.297306
176   14.338765
177   14.396429
178   14.326268
179   14.315659
180   14.415366
181   14.331149
182   14.366872
183   14.370480
184   14.371833
185   14.337203
186   14.333385
187   14.308995
188   14.439470
189   14.352794
190   14.298434
191   14.414973
192   14.387323
193   14.306277
194   14.276572
195   14.378601
196   14.372042
197   14.368558
198   14.249796
199   14.385391
200   14.381621
201   14.417082
202   14.371645
203   14.314994
204   14.314114
205   14.287086
206   14.437956
207   14.336829
208   14.318146
209   14.279356
210   14.421229
211   14.401805
212   14.325147
213   14.406300
214   14.329178
215   14.330596
216   14.338933
217   14.293334
218   14.314648
219   14.358463
220   14.340314
221   14.345847
222   14.380370
223   14.394584
224   14.379457
225   14.313954
226   14.401316
227   14.388511
228   14.371330
229   14.468601
230   14.486895
231   14.430961
232   14.302835
233   14.384767
234   14.406598
235   14.403663
236   14.354677
237   14.484853
238   14.316946
239   14.347218
240   14.306240
241   14.325564
242   14.341431
243   14.339863
244   14.409098
245   14.356987
246   14.364393
247   14.360136
248   14.432667
249   14.416919
250   14.306401
251   14.386992
252   14.400148
253   14.336279
254   14.304359
255   14.355229
256   14.349993
257   14.357462
258   14.355733
259   14.339706
260   14.275744
261   14.317539
262   14.339016
263   14.326288
264   14.284823
265   14.348857
266   14.491394
267   14.381083
268   14.318589
269   14.342435
270   14.400365
271   14.386254
272   14.403005
273   14.462077
274   14.299590
275   14.368438
276   14.332712
277   14.346230
278   14.330155
279   14.330021
280   14.334586
281   14.247313
282   14.338681
283   14.308600
284   14.367415
285   14.370847
286   14.386912
287   14.363169
288   14.340491
289   14.357676
290   14.334385
291   14.390798
292   14.419923
293   14.324211
294   14.357209
295   14.336107
296   14.350855
297   14.347090
298   14.445044
299   14.410743
300   14.321620
301   14.425364
302   14.390377
303   14.314383
304   14.416331
305   14.272797
306   14.374066
307   14.451405
308   14.296173
309   14.323774
310   14.303154
311   14.376362
312   14.278152
313   14.358620
314   14.288403
315   14.363384
316   14.362513
317   14.379224
318   14.370668
319   14.292781
320   14.389207
321   14.406909
322   14.363846
323   14.448342
324   14.306671
325   14.446168
326   14.368690
327   14.301165
328   14.360178
329   14.330910
330   14.370496
331   14.432475
332   14.353721
333   14.248317
334   14.393708
335   14.343988
336   14.377585
337   14.363803
338   14.400102
339   14.404310
340   14.351381
341   14.367040
342   14.368838
343   14.365210
344   14.410594
345   14.395800
346   14.338753
347   14.359485
348   14.366556
349   14.335433
350   14.402378
351   14.304096
352   14.363638
353   14.321385
354   14.371633
355   14.355556
356   14.304900
357   14.369812
358   14.335016
359   14.373135
360   14.406137
361   14.417537
362   14.367106
363   14.371795
364   14.382126
365   14.374994
366   14.440984
367   14.369290
368   14.453118
369   14.362204
370   14.349942
371   14.294615
372   14.396955
373   14.361725
374   14.393176
375   14.324936
376   14.446327
377   14.408174
378   14.385424
379   14.346620
380   14.386898
381   14.357502
382   14.429274
383   14.305248
384   14.363614
385   14.437135
386   14.470951
387   14.374357
388   14.389278
389   14.377619
390   14.303353
391   14.330007
392   14.369923
393   14.339748
394   14.367509
395   14.399837
396   14.409918
397   14.300767
398   14.343790
399   14.353297
400   14.434411
401   14.385322
402   14.316880
403   14.337399
404   14.330646
405   14.347592
406   14.414183
407   14.375368
408   14.342176
409   14.399477
410   14.399453
411   14.248588
412   14.356215
413   14.479792
414   14.387287
415   14.326665
416   14.351279
417   14.420931
418   14.349989
419   14.397733
420   14.361772
421   14.367247
422   14.353019
423   14.350491
424   14.363181
425   14.406062
426   14.418308
427   14.331647
428   14.363248
429   14.347368
430   14.325376
431   14.445874
432   14.376730
433   14.364103
434   14.469846
435   14.382773
436   14.367965
437   14.358558
438   14.356185
439   14.315507
440   14.381530
441   14.461167
442   14.246556
443   14.422272
444   14.410617
445   14.434865
446   14.388763
447   14.380129
448   14.414287
449   14.329980
450   14.217689
451   14.376293
452   14.345157
453   14.428635
454   14.282001
455   14.309526
456   14.368086
457   14.384992
458   14.411079
459   14.392771
460   14.415031
461   14.372544
462   14.368673
463   14.410549
464   14.355050
465   14.278201
466   14.467456
467   14.417323
468   14.383594
469   14.351892
470   14.382880
471   14.420596
472   14.426765
473   14.424211
474   14.322692
475   14.401310
476   14.345065
477   14.337410
478   14.278912
479   14.402108
480   14.434130
481   14.261512
482   14.312667
483   14.466916
484   14.347438
485   14.434170
486   14.340625
487   14.430201
488   14.342086
489   14.399136
490   14.316928
491   14.315381
492   14.414721
493   14.362987
494   14.379716
495   14.399075
496   14.468369
497   14.329055
498   14.300371
499   14.336669
500   14.437869
501   14.316915
502   14.376893
503   14.419402
504   14.485772
505   14.389090
506   14.340865
507   14.386651
508   14.382052
509   14.472608
510   14.293865
511   14.444746
512   14.443614
513   14.426586
514   14.388923
515   14.423483
516   14.280452
517   14.338564
518   14.427612
519   14.439046
520   14.324156
521   14.410129
522   14.344422
523   14.291940
524   14.455656
525   14.353557
526   14.414556
527   14.281735
528   14.379774
529   14.479661
530   14.380028
531   14.434281
532   14.340567
533   14.422288
534   14.356412
535   14.410208
536   14.367913
537   14.392013
538   14.403825
539   14.334346
540   14.380596
541   14.344795
542   14.419880
543   14.377421
544   14.387714
545   14.412395
546   14.414435
547   14.394916
548   14.411228
549   14.335752
550   14.477007
551   14.459923
552   14.498296
553   14.293536
554   14.386403
555   14.357964
556   14.336232
557   14.446605
558   14.391205
559   14.272120
560   14.409815
561   14.322873
562   14.451196
563   14.309744
564   14.390590
565   14.368690
566   14.364443
567   14.404023
568   14.327667
569   14.378663
570   14.473798
571   14.409685
572   14.347653
573   14.356489
574   14.424614
575   14.366533
576   14.451207
577   14.412464
578   14.360324
579   14.423836
580   14.300323
581   14.444435
582   14.359167
583   14.393985
584   14.347615
585   14.390163
586   14.464796
587   14.353448
588   14.388162
589   14.336736
590   14.367635
591   14.386418
592   14.380653
593   14.437201
594   14.440427
595   14.422715
596   14.372885
597   14.367654
598   14.448503
599   14.337217
600   14.395673
601   14.353590
602   14.426970
603   14.399955
604   14.370286
605   14.434333
606   14.425386
607   14.389643
608   14.269484
609   14.339159
610   14.318379
611   14.374292
612   14.340953
613   14.256823
614   14.358585
615   14.298933
616   14.361369
617   14.383975
618   14.461611
619   14.309954
620   14.369265
621   14.445230
622   14.367335
623   14.448020
624   14.377093
625   14.326855
626   14.350091
627   14.432971
628   14.355232
629   14.450731
630   14.346888
631   14.359796
632   14.385381
633   14.420442
634   14.435181
635   14.354561
636   14.449390
637   14.352236
638   14.433896
639   14.352916
640   14.370700
641   14.267594
642   14.386330
643   14.361726
644   14.407940
645   14.441085
646   14.393136
647   14.357632
648   14.453149
649   14.297935
650   14.350286
651   14.435595
652   14.340701
653   14.420797
654   14.334478
655   14.367224
656   14.346962
657   14.342436
658   14.355380
659   14.416100
660   14.292268
661   14.390136
662   14.307615
663   14.363791
664   14.374482
665   14.439850
666   14.323682
667   14.366157
668   14.434903
669   14.319511
670   14.288456
671   14.406604
672   14.356288
673   14.463328
674   14.328413
675   14.381166
676   14.398043
677   14.379564
678   14.371811
679   14.325276
680   14.352113
681   14.414914
682   14.434681
683   14.387257
684   14.398193
685   14.380000
686   14.350000
687   14.470000
688   14.520000
689   14.540000
690   14.590000
691   14.600000
692   14.480000
693   14.380000
694   14.430000
695   14.450000
696   14.370000
697   14.350000
698   14.400000
699   14.350000
700   14.090000
701   13.830000
702   13.610000
703   13.250000
704   12.660000
705   11.890000
706   10.660000
707   7.610000
708   2.730000
709   0.000000
