1259 1259 2514
1 0 8.64944e-05 -0.00011
2 -1.46179e-05 8.52509e-05 -0.00011
3 0 1.30358e-27 4.25781e-12
4 4.21906e-05 7.55157e-05 -0.00011
5 2.88162e-05 8.15582e-05 -0.00011
6 0 -9.13391e-05 -0.000119659
7 8.15582e-05 4.11148e-05 -0.000119659
8 9.05991e-05 1.15967e-05 -0.000119659
9 1.46179e-05 8.52509e-05 -0.00011
10 9.12552e-05 -3.87573e-06 -0.000119659
11 8.92868e-05 -1.92413e-05 -0.000119659
12 8.47549e-05 -3.40576e-05 -0.000119659
13 7.36618e-05 4.53491e-05 -0.00011
14 6.49338e-05 5.71442e-05 -0.00011
15 7.77817e-05 -4.78897e-05 -0.000119659
16 6.85654e-05 -6.03485e-05 -0.000119659
17 5.73807e-05 -7.10678e-05 -0.000119659
18 5.43442e-05 6.72989e-05 -0.00011
19 4.4548e-05 -7.97424e-05 -0.000119659
20 -3.0426e-05 -8.61206e-05 -0.000119659
21 -4.45404e-05 -7.97424e-05 -0.000119659
22 8.64258e-05 3.66974e-06 -0.00011
23 8.45642e-05 1.8219e-05 -0.00011
24 -5.73807e-05 -7.10678e-05 -0.000119659
25 -6.85654e-05 -6.03485e-05 -0.000119659
26 -7.7774e-05 -4.78897e-05 -0.000119659
27 8.02612e-05 3.22495e-05 -0.00011
28 -8.47473e-05 -3.40576e-05 -0.000119659
29 -8.92868e-05 -1.92413e-05 -0.000119659
30 -9.12552e-05 -3.87573e-06 -0.000119659
31 7.724e-05 -3.89481e-05 -0.00011
32 8.27103e-05 -2.53296e-05 -0.00011
33 -9.05914e-05 1.15967e-05 -0.000119659
34 -8.73337e-05 2.6741e-05 -0.000119659
35 -8.15582e-05 4.11148e-05 -0.000119659
36 8.58002e-05 -1.09863e-05 -0.00011
37 -7.34329e-05 5.4306e-05 -0.000119659
38 -6.31943e-05 6.59409e-05 -0.000119659
39 -5.11475e-05 7.56683e-05 -0.000119659
40 4.8439e-05 -7.16705e-05 -0.00011
41 5.98526e-05 -6.24542e-05 -0.00011
42 -3.76205e-05 8.32291e-05 -0.000119659
43 -2.30103e-05 8.83865e-05 -0.000119659
44 -7.74384e-06 9.10034e-05 -0.000119659
45 6.95496e-05 -5.14374e-05 -0.00011
46 7.75146e-06 9.10034e-05 -0.000119659
47 2.30179e-05 8.83865e-05 -0.000119659
48 3.76205e-05 8.32291e-05 -0.000119659
49 7.33948e-06 -8.61893e-05 -0.00011
50 2.17972e-05 -8.37097e-05 -0.00011
51 6.32019e-05 6.59409e-05 -0.000119659
52 8.63647e-05 2.64435e-05 -0.00011924
53 3.00903e-05 -8.51669e-05 -0.00011924
54 3.56293e-05 -7.88269e-05 -0.00011
55 1.52664e-05 -8.90274e-05 -0.00011924
56 -1.52588e-05 -8.90274e-05 -0.00011924
57 5.05829e-05 7.48291e-05 -0.00011924
58 -3.56293e-05 -7.88269e-05 -0.00011
59 -2.17972e-05 -8.37097e-05 -0.00011
60 7.26242e-05 5.37033e-05 -0.00011924
61 8.86612e-05 1.13525e-05 -0.00011866
62 8.93097e-05 -3.79944e-06 -0.00011866
63 -7.33185e-06 -8.61893e-05 -0.00011
64 8.73795e-05 -1.8837e-05 -0.00011866
65 8.29391e-05 -3.33328e-05 -0.00011866
66 7.61185e-05 -4.68674e-05 -0.00011866
67 -6.95419e-05 -5.14374e-05 -0.00011
68 -5.98526e-05 -6.24542e-05 -0.00011
69 6.71005e-05 -5.90591e-05 -0.00011866
70 5.61523e-05 -6.95496e-05 -0.00011866
71 4.35944e-05 -7.80334e-05 -0.00011866
72 -4.8439e-05 -7.16705e-05 -0.00011
73 0 -8.9386e-05 -0.00011866
74 -2.97775e-05 -8.42819e-05 -0.00011866
75 -4.35944e-05 -7.80334e-05 -0.00011866
76 -8.58002e-05 -1.09863e-05 -0.00011
77 -8.27026e-05 -2.53296e-05 -0.00011
78 -5.61523e-05 -6.95496e-05 -0.00011866
79 -6.71005e-05 -5.90591e-05 -0.00011866
80 -7.61108e-05 -4.68674e-05 -0.00011866
81 -7.72324e-05 -3.89481e-05 -0.00011
82 -8.29391e-05 -3.33328e-05 -0.00011866
83 -8.73795e-05 -1.8837e-05 -0.00011866
84 -8.93021e-05 -3.79944e-06 -0.00011866
85 -8.02612e-05 3.22495e-05 -0.00011
86 -8.45566e-05 1.8219e-05 -0.00011
87 -8.86612e-05 1.13525e-05 -0.00011866
88 -8.54645e-05 2.61688e-05 -0.00011866
89 -7.98111e-05 4.02374e-05 -0.00011866
90 -8.64182e-05 3.66974e-06 -0.00011
91 -7.18613e-05 5.31464e-05 -0.00011866
92 -6.18439e-05 6.45294e-05 -0.00011866
93 -5.00488e-05 7.40509e-05 -0.00011866
94 -5.43365e-05 6.72989e-05 -0.00011
95 -6.49338e-05 5.71442e-05 -0.00011
96 -3.68195e-05 8.14514e-05 -0.00011866
97 -2.2522e-05 8.65021e-05 -0.00011866
98 -7.57599e-06 8.90579e-05 -0.00011866
99 -7.36542e-05 4.53491e-05 -0.00011
100 7.58362e-06 8.90579e-05 -0.00011866
101 2.2522e-05 8.65021e-05 -0.00011866
102 3.68195e-05 8.14514e-05 -0.00011866
103 6.18515e-05 6.45294e-05 -0.00011866
104 -2.88162e-05 8.15582e-05 -0.00011
105 7.98187e-05 4.02374e-05 -0.00011866
106 -1.49612e-05 -8.72803e-05 -0.00011795
107 4.95911e-05 7.33643e-05 -0.00011795
108 -4.21829e-05 7.55157e-05 -0.00011
109 7.11975e-05 5.26505e-05 -0.00011795
110 8.4671e-05 2.59247e-05 -0.00011795
111 2.95029e-05 -8.34961e-05 -0.00011795
112 1.49689e-05 -8.72803e-05 -0.00011795
113 0 -8.78372e-05 -0.000117111
114 -7.33185e-06 8.61893e-05 -0.000112999
115 -2.92587e-05 -8.28247e-05 -0.000117111
116 -1.46179e-05 8.52509e-05 -0.000112999
117 -4.28391e-05 -7.6683e-05 -0.000117111
118 -5.51758e-05 -6.83441e-05 -0.000117111
119 -6.59332e-05 -5.80368e-05 -0.000117111
120 -2.17972e-05 8.37097e-05 -0.000112999
121 -7.4791e-05 -4.60587e-05 -0.000117111
122 -8.14972e-05 -3.2753e-05 -0.000117111
123 -8.58612e-05 -1.85089e-05 -0.000117111
124 -8.77533e-05 -3.73077e-06 -0.000117111
125 -2.88162e-05 8.15582e-05 -0.000112999
126 -8.71201e-05 1.11542e-05 -0.000117111
127 -8.39844e-05 2.57187e-05 -0.000117111
128 -7.84302e-05 3.95432e-05 -0.000117111
129 -3.56293e-05 7.88193e-05 -0.000112999
130 -7.06177e-05 5.22308e-05 -0.000117111
131 -6.07758e-05 6.34155e-05 -0.000117111
132 -4.91867e-05 7.27692e-05 -0.000117111
133 -3.61786e-05 8.004e-05 -0.000117111
134 -4.21829e-05 7.55157e-05 -0.000112999
135 -2.21329e-05 8.49991e-05 -0.000117111
136 -7.44629e-06 8.75168e-05 -0.000117111
137 7.45392e-06 8.75168e-05 -0.000117111
138 -4.8439e-05 7.16629e-05 -0.000112999
139 2.21329e-05 8.49991e-05 -0.000117111
140 3.61786e-05 8.004e-05 -0.000117111
141 6.07834e-05 6.34155e-05 -0.000117111
142 7.84378e-05 3.95432e-05 -0.000117111
143 -5.43365e-05 6.72989e-05 -0.000112999
144 8.71277e-05 1.11542e-05 -0.000117111
145 8.77609e-05 -3.73077e-06 -0.000117111
146 8.58688e-05 -1.85089e-05 -0.000117111
147 -5.98526e-05 6.24466e-05 -0.000112999
148 8.15048e-05 -3.2753e-05 -0.000117111
149 7.47986e-05 -4.60587e-05 -0.000117111
150 6.59409e-05 -5.80368e-05 -0.000117111
151 5.51834e-05 -6.83441e-05 -0.000117111
152 -6.49338e-05 5.71442e-05 -0.000112999
153 4.28391e-05 -7.6683e-05 -0.000117111
154 -1.47476e-05 -8.60138e-05 -0.00011618
155 4.88663e-05 7.22961e-05 -0.00011618
156 -6.95419e-05 5.14297e-05 -0.000112999
157 7.01599e-05 5.18875e-05 -0.00011618
158 8.34427e-05 2.55508e-05 -0.00011618
159 2.90756e-05 -8.2283e-05 -0.00011618
160 1.47476e-05 -8.60138e-05 -0.00011618
161 -7.36542e-05 4.53491e-05 -0.000112999
162 5.45578e-05 -6.75659e-05 -0.000115166
163 4.23584e-05 -7.58133e-05 -0.000115166
164 7.39517e-05 -4.55322e-05 -0.000115166
165 -7.72324e-05 3.89404e-05 -0.000112999
166 6.51932e-05 -5.73807e-05 -0.000115166
167 8.05817e-05 -3.23792e-05 -0.000115166
168 8.48923e-05 -1.82953e-05 -0.000115166
169 8.67691e-05 -3.685e-06 -0.000115166
170 -8.02612e-05 3.22495e-05 -0.000112999
171 8.61435e-05 1.10321e-05 -0.000115166
172 7.75452e-05 3.9093e-05 -0.000115166
173 6.00891e-05 6.26907e-05 -0.000115166
174 -8.27026e-05 2.53296e-05 -0.000112999
175 3.57742e-05 7.91321e-05 -0.000115166
176 2.18811e-05 8.40378e-05 -0.000115166
177 -7.36237e-06 8.6525e-05 -0.000115166
178 7.37e-06 8.6525e-05 -0.000115166
179 -8.45566e-05 1.8219e-05 -0.000112999
180 -2.18811e-05 8.40378e-05 -0.000115166
181 -3.57666e-05 7.91321e-05 -0.000115166
182 -6.00891e-05 6.26907e-05 -0.000115166
183 -8.58002e-05 1.09863e-05 -0.000112999
184 -4.86298e-05 7.19452e-05 -0.000115166
185 -7.75452e-05 3.9093e-05 -0.000115166
186 -6.98166e-05 5.16357e-05 -0.000115166
187 -8.61359e-05 1.10321e-05 -0.000115166
188 -8.64182e-05 3.66974e-06 -0.000112999
189 -8.30307e-05 2.54288e-05 -0.000115166
190 -8.67615e-05 -3.685e-06 -0.000115166
191 -8.05817e-05 -3.23792e-05 -0.000115166
192 -8.64182e-05 -3.66974e-06 -0.000112999
193 -8.48923e-05 -1.82953e-05 -0.000115166
194 -6.51855e-05 -5.73807e-05 -0.000115166
195 -7.39441e-05 -4.55322e-05 -0.000115166
196 -4.23508e-05 -7.58133e-05 -0.000115166
197 -8.58002e-05 -1.09863e-05 -0.000112999
198 -5.45578e-05 -6.75659e-05 -0.000115166
199 -2.89307e-05 -8.18863e-05 -0.000115166
200 0 -8.68454e-05 -0.000115166
201 -8.45566e-05 -1.82266e-05 -0.000112999
202 0 -0.000203003 -0.000146255
203 -3.39203e-05 -0.000197838 -0.000140747
204 -6.58264e-05 -0.000186317 -0.000135666
205 -9.44824e-05 -0.000169136 -0.000131126
206 -8.27026e-05 -2.53296e-05 -0.000112999
207 -0.000118858 -0.000147209 -0.000127258
208 -0.000138206 -0.000121643 -0.000124138
209 -0.000152084 -9.36508e-05 -0.000121857
210 -8.02612e-05 -3.22571e-05 -0.000112999
211 3.45459e-05 -0.000201462 -0.000152054
212 3.43094e-05 -0.000200089 -0.000146255
213 0 -0.000200722 -0.000140747
214 -3.33939e-05 -0.000194763 -0.000135666
215 -7.72324e-05 -3.89481e-05 -0.000112999
216 -6.4537e-05 -0.000182671 -0.000131126
217 -9.22699e-05 -0.000165176 -0.000127258
218 -0.000115662 -0.00014325 -0.000124138
219 -7.36542e-05 -4.53568e-05 -0.000112999
220 -0.000134071 -0.000118004 -0.000121857
221 6.80923e-05 -0.000192726 -0.000152054
222 9.96857e-05 -0.000178444 -0.000152054
223 6.76346e-05 -0.000191414 -0.000146255
224 -6.95419e-05 -5.14374e-05 -0.000112999
225 3.39279e-05 -0.000197838 -0.000140747
226 0 -0.000197609 -0.000135666
227 -3.27377e-05 -0.000190948 -0.000131126
228 -6.49338e-05 -5.71518e-05 -0.000112999
229 -6.30264e-05 -0.000178398 -0.000127258
230 -8.97903e-05 -0.000160736 -0.000124138
231 -0.000112206 -0.000138962 -0.000121857
232 9.90067e-05 -0.000177231 -0.000146255
233 -5.98526e-05 -6.24542e-05 -0.000112999
234 6.68716e-05 -0.000189262 -0.000140747
235 3.34015e-05 -0.000194763 -0.000135666
236 0 -0.000193733 -0.000131126
237 -5.43365e-05 -6.72989e-05 -0.000112999
238 -3.19748e-05 -0.000186478 -0.000127258
239 -6.13327e-05 -0.000173599 -0.000124138
240 -8.71048e-05 -0.00015593 -0.000121857
241 0.000127533 -0.000157944 -0.000146255
242 -4.8439e-05 -7.16705e-05 -0.000112999
243 9.78928e-05 -0.000175232 -0.000140747
244 6.5834e-05 -0.000186317 -0.000135666
245 3.27454e-05 -0.000190948 -0.000131126
246 -4.21829e-05 -7.55157e-05 -0.000112999
247 0 -0.000189201 -0.000127258
248 -3.11127e-05 -0.000181473 -0.000124138
249 -5.95016e-05 -0.000168404 -0.000121857
250 0.00015239 -0.000134125 -0.000146255
251 -3.56293e-05 -7.88269e-05 -0.000112999
252 0.000126099 -0.000156174 -0.000140747
253 9.63745e-05 -0.000172516 -0.000135666
254 6.45447e-05 -0.000182671 -0.000131126
255 -2.88162e-05 -8.15582e-05 -0.000112999
256 3.19748e-05 -0.000186478 -0.000127258
257 0 -0.00018412 -0.000124138
258 -3.01819e-05 -0.000176041 -0.000121857
259 0.000174049 -0.00010717 -0.000152054
260 -2.17972e-05 -8.37097e-05 -0.000112999
261 0.000189659 -7.621e-05 -0.000152054
262 0.000172867 -0.000106438 -0.000146255
263 0.000150681 -0.000132614 -0.000140747
264 -1.46332e-05 -8.53424e-05 -0.000114098
265 0.000124146 -0.000153748 -0.000135666
266 9.44824e-05 -0.000169136 -0.000131126
267 6.30341e-05 -0.000178398 -0.000127258
268 3.11203e-05 -0.000181473 -0.000124138
269 -7.33185e-06 -8.61893e-05 -0.000112999
270 0 -0.000178612 -0.000121857
271 0.00018837 -7.56912e-05 -0.000146255
272 0.000170921 -0.00010524 -0.000140747
273 0 -8.65021e-05 -0.000112999
274 0.000148338 -0.000130554 -0.000135666
275 0.000121712 -0.000150734 -0.000131126
276 9.22775e-05 -0.000165176 -0.000127258
277 6.13403e-05 -0.000173599 -0.000124138
278 7.33948e-06 -8.61893e-05 -0.000112999
279 3.01895e-05 -0.000176041 -0.000121857
280 0.000198448 -4.27704e-05 -0.000146255
281 0.000186249 -7.48444e-05 -0.000140747
282 1.46332e-05 -8.53424e-05 -0.000114098
283 0.000168274 -0.000103607 -0.000135666
284 0.000145432 -0.000127998 -0.000131126
285 0.000118858 -0.000147209 -0.000127258
286 8.9798e-05 -0.000160736 -0.000124138
287 2.17972e-05 -8.37097e-05 -0.000112999
288 5.95016e-05 -0.000168404 -0.000121857
289 0.00020282 -8.62122e-06 -0.000146255
290 0.00019622 -4.22897e-05 -0.000140747
291 2.88467e-05 -8.16422e-05 -0.000114098
292 0.000183357 -7.36847e-05 -0.000135666
293 0.00016497 -0.000101578 -0.000131126
294 0.000142029 -0.000125 -0.000127258
295 0.000115669 -0.00014325 -0.000124138
296 3.56293e-05 -7.88269e-05 -0.000112999
297 8.71048e-05 -0.00015593 -0.000121857
298 0.000201363 2.57797e-05 -0.000146255
299 0.000200546 -8.52203e-06 -0.000140747
300 4.21906e-05 -7.55157e-05 -0.000112999
301 0.000193176 -4.16336e-05 -0.000135666
302 0.000179764 -7.22351e-05 -0.000131126
303 0.00016111 -9.91974e-05 -0.000127258
304 0.000138214 -0.000121643 -0.000124138
305 4.8439e-05 -7.16705e-05 -0.000112999
306 0.000112206 -0.000138962 -0.000121857
307 0.000194107 5.94406e-05 -0.000146255
308 0.000199097 2.54898e-05 -0.000140747
309 5.43442e-05 -6.72989e-05 -0.000112999
310 0.000197433 -8.39233e-06 -0.000135666
311 0.000189384 -4.08173e-05 -0.000131126
312 0.00017556 -7.0549e-05 -0.000127258
313 0.000156784 -9.65347e-05 -0.000124138
314 5.98526e-05 -6.24542e-05 -0.000112999
315 0.000134079 -0.000118004 -0.000121857
316 0.00018251 9.20181e-05 -0.000152054
317 0.000164337 0.000121536 -0.000152054
318 6.49338e-05 -5.71518e-05 -0.000112999
319 0.000181267 9.13925e-05 -0.000146255
320 0.000191925 5.87769e-05 -0.000140747
321 0.000196007 2.51007e-05 -0.000135666
322 0.000193565 -8.22449e-06 -0.000131126
323 6.95496e-05 -5.14374e-05 -0.000112999
324 0.000184959 -3.98636e-05 -0.000127258
325 0.000170837 -6.86493e-05 -0.000124138
326 0.000152092 -9.36508e-05 -0.000121857
327 7.36618e-05 -4.53568e-05 -0.000112999
328 0.000163216 0.000120712 -0.000146255
329 0.00017923 9.03625e-05 -0.000140747
330 0.00018895 5.78613e-05 -0.000135666
331 0.000192169 2.46048e-05 -0.000131126
332 7.724e-05 -3.89481e-05 -0.000112999
333 0.000189034 -8.03375e-06 -0.000127258
334 0.000179985 -3.87878e-05 -0.000124138
335 0.000165726 -6.6597e-05 -0.000121857
336 8.02612e-05 -3.22571e-05 -0.000112999
337 0.000140472 0.000146561 -0.000146255
338 0.000161385 0.000119354 -0.000140747
339 0.000176453 8.89587e-05 -0.000135666
340 0.000185242 5.67245e-05 -0.000131126
341 8.27103e-05 -2.53296e-05 -0.000112999
342 0.000187668 2.40326e-05 -0.000127258
343 0.000183952 -7.82013e-06 -0.000124138
344 0.000174599 -3.76282e-05 -0.000121857
345 8.45642e-05 -1.82266e-05 -0.000112999
346 0.000114456 0.000169342 -0.000152054
347 8.41904e-05 0.000186249 -0.000152054
348 0.000113678 0.00016819 -0.000146255
349 0.000138893 0.000144913 -0.000140747
350 8.58002e-05 -1.09863e-05 -0.000112999
351 0.000158875 0.0001175 -0.000135666
352 0.000172989 8.72192e-05 -0.000131126
353 0.000180908 5.5397e-05 -0.000127258
354 8.64258e-05 -3.66974e-06 -0.000112999
355 0.000182625 2.33841e-05 -0.000124138
356 0.000178452 -7.58362e-06 -0.000121857
357 8.36182e-05 0.000184982 -0.000146255
358 0.000112404 0.000166298 -0.000140747
359 8.64258e-05 3.66974e-06 -0.000112999
360 0.000136734 0.000142662 -0.000135666
361 0.000155762 0.000115196 -0.000131126
362 0.000168945 8.51746e-05 -0.000127258
363 8.58002e-05 1.09863e-05 -0.000112999
364 0.000176048 5.39093e-05 -0.000124138
365 0.000177162 2.26822e-05 -0.000121857
366 5.11551e-05 0.000196449 -0.000146255
367 8.26797e-05 0.000182899 -0.000140747
368 8.45642e-05 1.8219e-05 -0.000112999
369 0.000110657 0.000163719 -0.000135666
370 0.000134056 0.000139862 -0.000131126
371 0.000152115 0.000112503 -0.000127258
372 8.27942e-05 2.53525e-05 -0.000114098
373 0.000164406 8.28857e-05 -0.000124138
374 0.000170776 5.22995e-05 -0.000121857
375 1.7334e-05 0.000203659 -0.000152054
376 1.72195e-05 0.000202271 -0.000146255
377 8.02612e-05 3.22495e-05 -0.000112999
378 5.05829e-05 0.000194244 -0.000140747
379 8.1398e-05 0.000180061 -0.000135666
380 0.00010849 0.000160507 -0.000131126
381 7.724e-05 3.89404e-05 -0.000112999
382 0.00013092 0.000136589 -0.000127258
383 0.000148033 0.000109482 -0.000124138
384 0.000159485 8.04062e-05 -0.000121857
385 -1.7334e-05 0.000203659 -0.000152054
386 7.36618e-05 4.53491e-05 -0.000112999
387 -5.14984e-05 0.0001978 -0.000152054
388 -1.72119e-05 0.000202271 -0.000146255
389 1.70212e-05 0.000199997 -0.000140747
390 6.96182e-05 5.14832e-05 -0.000114098
391 4.97971e-05 0.000191231 -0.000135666
392 7.98035e-05 0.000176537 -0.000131126
393 0.000105949 0.000156754 -0.000127258
394 0.000127396 0.000132919 -0.000124138
395 6.49338e-05 5.71442e-05 -0.000112999
396 0.0001436 0.000106201 -0.000121857
397 -5.11475e-05 0.000196449 -0.000146255
398 -1.70212e-05 0.000199997 -0.000140747
399 5.98526e-05 6.24466e-05 -0.000112999
400 1.67618e-05 0.000196892 -0.000135666
401 4.88205e-05 0.000187477 -0.000131126
402 7.79343e-05 0.000172401 -0.000127258
403 0.000103104 0.000152542 -0.000124138
404 5.43442e-05 6.72989e-05 -0.000112999
405 0.000123589 0.000128944 -0.000121857
406 -8.36182e-05 0.000184982 -0.000146255
407 -5.05753e-05 0.000194244 -0.000140747
408 4.84848e-05 7.17316e-05 -0.000114098
409 -1.67542e-05 0.000196892 -0.000135666
410 1.64337e-05 0.000193031 -0.000131126
411 4.76761e-05 0.00018309 -0.000127258
412 7.58362e-05 0.00016777 -0.000124138
413 4.21906e-05 7.55157e-05 -0.000112999
414 0.000100014 0.000147972 -0.000121857
415 -0.000113678 0.00016819 -0.000146255
416 -8.26721e-05 0.000182899 -0.000140747
417 3.56293e-05 7.88193e-05 -0.000112999
418 -4.97894e-05 0.000191231 -0.000135666
419 -1.64261e-05 0.000193031 -0.000131126
420 1.60446e-05 0.000188515 -0.000127258
421 4.63943e-05 0.000178169 -0.000124138
422 2.88162e-05 8.15582e-05 -0.000112999
423 7.35703e-05 0.00016275 -0.000121857
424 -0.000140465 0.000146561 -0.000146255
425 -0.000112396 0.000166298 -0.000140747
426 2.17972e-05 8.37097e-05 -0.000112999
427 -8.13904e-05 0.000180061 -0.000135666
428 -4.88129e-05 0.000187477 -0.000131126
429 -1.60446e-05 0.000188515 -0.000127258
430 1.56174e-05 0.000183449 -0.000124138
431 1.46179e-05 8.52509e-05 -0.000112999
432 4.50058e-05 0.000172844 -0.000121857
433 -0.00016433 0.000121536 -0.000152054
434 -0.00018251 9.20181e-05 -0.000152054
435 7.33948e-06 8.61893e-05 -0.000112999
436 -0.000163216 0.000120712 -0.000146255
437 -0.000138885 0.000144913 -0.000140747
438 -0.000110649 0.000163719 -0.000135666
439 -7.97958e-05 0.000176537 -0.000131126
440 -4.76685e-05 0.00018309 -0.000127258
441 0 8.64944e-05 -0.000112999
442 -1.56097e-05 0.000183449 -0.000124138
443 1.5152e-05 0.000177963 -0.000121857
444 -0.000181267 9.13925e-05 -0.000146255
445 5.87387e-05 -7.27463e-05 -0.000120003
446 0.000104828 -0.000129829 -0.000120003
447 7.01904e-05 -6.17752e-05 -0.000120003
448 -0.000161377 0.000119354 -0.000140747
449 -0.000136726 0.000142662 -0.000135666
450 0.000125259 -0.000110245 -0.000120003
451 -0.000108482 0.000160507 -0.000131126
452 -7.79266e-05 0.000172401 -0.000127258
453 7.96204e-05 -4.90265e-05 -0.000120003
454 -4.63943e-05 0.000178169 -0.000124138
455 -1.51443e-05 0.000177963 -0.000121857
456 0.00014209 -8.74939e-05 -0.000120003
457 -0.000195435 5.98526e-05 -0.000152054
458 -0.000202736 2.59628e-05 -0.000152054
459 8.67615e-05 -3.48663e-05 -0.000120003
460 -0.000194107 5.94406e-05 -0.000146255
461 -0.00017923 9.03625e-05 -0.000140747
462 0.000154831 -6.22177e-05 -0.000120003
463 -0.000158875 0.0001175 -0.000135666
464 -0.000134048 0.000139862 -0.000131126
465 9.14001e-05 -1.96991e-05 -0.000120003
466 -0.000105942 0.000156754 -0.000127258
467 -7.58362e-05 0.00016777 -0.000124138
468 0.000163124 -3.51562e-05 -0.000120003
469 -4.50058e-05 0.000172844 -0.000121857
470 -0.000201355 2.57797e-05 -0.000146255
471 9.34143e-05 -3.96729e-06 -0.000120003
472 -0.000191925 5.87769e-05 -0.000140747
473 -0.000176445 8.89587e-05 -0.000135666
474 0.000166718 -7.08771e-06 -0.000120003
475 -0.000155762 0.000115196 -0.000131126
476 -0.000130913 0.000136589 -0.000127258
477 9.27429e-05 1.18713e-05 -0.000120003
478 -0.000103096 0.000152542 -0.000124138
479 -7.35626e-05 0.00016275 -0.000121857
480 0.000165512 2.11945e-05 -0.000120003
481 -0.00020282 -8.62122e-06 -0.000146255
482 -0.000199097 2.54898e-05 -0.000140747
483 8.8356e-05 2.70538e-05 -0.000119911
484 -0.000188942 5.78613e-05 -0.000135666
485 -0.000172989 8.72192e-05 -0.000131126
486 0.000159554 4.88586e-05 -0.000120003
487 -0.000152115 0.000112503 -0.000127258
488 -0.000127396 0.000132919 -0.000124138
489 8.34885e-05 4.20914e-05 -0.000120003
490 -0.000100014 0.000147972 -0.000121857
491 -0.000199806 -4.30679e-05 -0.000152054
492 0.000149002 7.5119e-05 -0.000120003
493 -0.000189651 -7.621e-05 -0.000152054
494 -0.000198448 -4.27704e-05 -0.000146255
495 7.4295e-05 5.49469e-05 -0.000119911
496 -0.000200539 -8.52203e-06 -0.000140747
497 -0.000196007 2.51007e-05 -0.000135666
498 0.000134163 9.92203e-05 -0.000120003
499 -0.000185242 5.67245e-05 -0.000131126
500 -0.000168938 8.51746e-05 -0.000127258
501 6.46973e-05 6.74973e-05 -0.000120003
502 -0.000148026 0.000109482 -0.000124138
503 -0.000123581 0.000128944 -0.000121857
504 0.000115463 0.000120468 -0.000120003
505 -0.000188362 -7.56912e-05 -0.000146255
506 -0.000196213 -4.22897e-05 -0.000140747
507 5.17502e-05 7.65533e-05 -0.000119911
508 -0.000197426 -8.39233e-06 -0.000135666
509 -0.000192162 2.46048e-05 -0.000131126
510 9.34448e-05 0.000138245 -0.000120003
511 -0.000180901 5.5397e-05 -0.000127258
512 -0.000164398 8.28857e-05 -0.000124138
513 3.85132e-05 8.51974e-05 -0.000120003
514 -0.0001436 0.000106201 -0.000121857
515 -0.000174049 -0.00010717 -0.000152054
516 6.87332e-05 0.000152046 -0.000120003
517 -0.000172859 -0.000106438 -0.000146255
518 -0.000186249 -7.48444e-05 -0.000140747
519 2.35596e-05 9.0477e-05 -0.000120003
520 -0.000193169 -4.16336e-05 -0.000135666
521 -0.000193558 -8.22449e-06 -0.000131126
522 4.20456e-05 0.000161476 -0.000120003
523 -0.000187668 2.40326e-05 -0.000127258
524 -0.000176041 5.39093e-05 -0.000124138
525 7.93457e-06 9.31625e-05 -0.000120003
526 -0.000159477 8.04062e-05 -0.000121857
527 -0.000153435 -0.00013504 -0.000152054
528 1.41525e-05 0.00016626 -0.000120003
529 -0.00015239 -0.000134125 -0.000146255
530 -0.000170921 -0.00010524 -0.000140747
531 -7.92694e-06 9.31625e-05 -0.000120003
532 -0.000183357 -7.36847e-05 -0.000135666
533 -0.000189384 -4.08173e-05 -0.000131126
534 -1.41525e-05 0.00016626 -0.000120003
535 -0.000189026 -8.03375e-06 -0.000127258
536 -0.000182625 2.33841e-05 -0.000124138
537 -2.35596e-05 9.0477e-05 -0.000120003
538 -0.000170776 5.22995e-05 -0.000121857
539 -0.000128403 -0.000159027 -0.000152054
540 -4.20456e-05 0.000161476 -0.000120003
541 -9.9678e-05 -0.000178444 -0.000152054
542 -0.000127525 -0.000157944 -0.000146255
543 -3.85132e-05 8.51974e-05 -0.000120003
544 -0.000150673 -0.000132614 -0.000140747
545 -0.000168266 -0.000103607 -0.000135666
546 -6.87256e-05 0.000152046 -0.000120003
547 -0.000179764 -7.22351e-05 -0.000131126
548 -0.000184952 -3.98636e-05 -0.000127258
549 -5.23529e-05 7.74612e-05 -0.000120003
550 -0.000183945 -7.82013e-06 -0.000124138
551 -0.000177155 2.26822e-05 -0.000121857
552 -9.34372e-05 0.000138245 -0.000120003
553 -9.8999e-05 -0.000177231 -0.000146255
554 -0.000126099 -0.000156174 -0.000140747
555 -6.46973e-05 6.74973e-05 -0.000120003
556 -0.000148338 -0.000130554 -0.000135666
557 -0.00016497 -0.000101578 -0.000131126
558 -0.000115456 0.000120468 -0.000120003
559 -0.000175552 -7.0549e-05 -0.000127258
560 -0.000179977 -3.87878e-05 -0.000124138
561 -7.51724e-05 5.55954e-05 -0.000120003
562 -0.000178444 -7.58362e-06 -0.000121857
563 -0.000172653 -7.33948e-06 -0.000120468
564 -0.000134155 9.92203e-05 -0.000120003
565 -0.000174599 -3.76282e-05 -0.000121857
566 -0.000165726 -6.6597e-05 -0.000121857
567 -8.34885e-05 4.20914e-05 -0.000120003
568 -0.000170837 -6.86493e-05 -0.000124138
569 -0.000156776 -9.65347e-05 -0.000124138
570 -0.000148994 7.5119e-05 -0.000120003
571 -0.00016111 -9.91974e-05 -0.000127258
572 -0.000142021 -0.000125 -0.000127258
573 -8.94012e-05 2.73743e-05 -0.000120003
574 -0.000145432 -0.000127998 -0.000131126
575 -0.000121704 -0.000150734 -0.000131126
576 -0.000159546 4.88586e-05 -0.000120003
577 -0.000124138 -0.000153748 -0.000135666
578 -9.63669e-05 -0.000172516 -0.000135666
579 -9.27429e-05 1.18713e-05 -0.000120003
580 -9.78928e-05 -0.000175232 -0.000140747
581 -6.6864e-05 -0.000189262 -0.000140747
582 -0.000165512 2.11945e-05 -0.000120003
583 -6.7627e-05 -0.000191414 -0.000146255
584 -3.43094e-05 -0.000200089 -0.000146255
585 -9.34143e-05 -3.96729e-06 -0.000120003
586 0 -0.000204399 -0.000152054
587 0 -0.000172813 -0.000120468
588 -0.00016671 -7.08771e-06 -0.000120003
589 -2.92053e-05 -0.000170326 -0.000120468
590 -5.75638e-05 -0.000162941 -0.000120468
591 -9.14001e-05 -1.96991e-05 -0.000120003
592 -8.42743e-05 -0.000150864 -0.000120468
593 -0.000108559 -0.000134453 -0.000120468
594 -0.000163116 -3.51562e-05 -0.000120003
595 -0.000129723 -0.000114174 -0.000120468
596 -0.000147148 -9.06067e-05 -0.000120468
597 -8.67538e-05 -3.48663e-05 -0.000120003
598 -0.000160347 -6.44379e-05 -0.000120468
599 -0.00016893 -3.64075e-05 -0.000120468
600 -0.000154831 -6.22177e-05 -0.000120003
601 -0.00017141 2.19498e-05 -0.000120468
602 -0.00016523 5.05981e-05 -0.000120468
603 -7.96127e-05 -4.90265e-05 -0.000120003
604 -0.000154305 7.77969e-05 -0.000120468
605 -0.000138939 0.000102753 -0.000120468
606 -0.00014209 -8.74939e-05 -0.000120003
607 -0.000119568 0.000124756 -0.000120468
608 -9.67636e-05 0.000143173 -0.000120468
609 -7.01828e-05 -6.17752e-05 -0.000120003
610 -7.11746e-05 0.000157463 -0.000120468
611 -4.3541e-05 0.000167229 -0.000120468
612 -0.000125259 -0.000110245 -0.000120003
613 -1.46561e-05 0.00017218 -0.000120468
614 1.46561e-05 0.00017218 -0.000120468
615 -5.87387e-05 -7.27463e-05 -0.000120003
616 4.35486e-05 0.000167229 -0.000120468
617 7.11823e-05 0.000157463 -0.000120468
618 -0.000104828 -0.000129829 -0.000120003
619 9.67712e-05 0.000143173 -0.000120468
620 0.000119576 0.000124756 -0.000120468
621 -4.56009e-05 -8.16269e-05 -0.000120003
622 0.000138939 0.000102753 -0.000120468
623 0.000154305 7.77969e-05 -0.000120468
624 -8.13751e-05 -0.000145676 -0.000120003
625 0.000165237 5.05981e-05 -0.000120468
626 0.00017141 2.19498e-05 -0.000120468
627 -3.11432e-05 -8.81577e-05 -0.000120003
628 0.000172653 -7.33948e-06 -0.000120468
629 0.00016893 -3.64075e-05 -0.000120468
630 -5.55878e-05 -0.000157333 -0.000120003
631 0.000160347 -6.44379e-05 -0.000120468
632 0.000147156 -9.06067e-05 -0.000120468
633 -1.56174e-05 -9.10797e-05 -0.000119911
634 0.000129723 -0.000114174 -0.000120468
635 0.000108566 -0.000134453 -0.000120468
636 -2.81982e-05 -0.000164467 -0.000120003
637 8.42819e-05 -0.000150864 -0.000120468
638 5.75714e-05 -0.000162941 -0.000120468
639 0 -9.35059e-05 -0.000120003
640 2.92053e-05 -0.000170326 -0.000120468
641 -3.45383e-05 -0.000201462 -0.000152054
642 0 -0.00016687 -0.000120003
643 -6.80923e-05 -0.000192726 -0.000152054
644 -0.000204208 -8.67462e-06 -0.000152054
645 1.56174e-05 -9.10797e-05 -0.000119911
646 -0.000141426 0.00014756 -0.000152054
647 -0.000114456 0.000169342 -0.000152054
648 2.82059e-05 -0.000164467 -0.000120003
649 -8.41904e-05 0.000186249 -0.000152054
650 5.1506e-05 0.0001978 -0.000152054
651 3.07846e-05 -8.71277e-05 -0.000119911
652 0.000141434 0.00014756 -0.000152054
653 0.000195442 5.98526e-05 -0.000152054
654 5.55878e-05 -0.000157333 -0.000120003
655 0.000202744 2.59628e-05 -0.000152054
656 0.000204216 -8.67462e-06 -0.000152054
657 4.56009e-05 -8.16269e-05 -0.000120003
658 0.000199814 -4.30679e-05 -0.000152054
659 0.000153435 -0.00013504 -0.000152054
660 8.13828e-05 -0.000145676 -0.000120003
661 0.00012841 -0.000159027 -0.000152054
662 0 -3.07884e-17 -0.100563
663 -0.00886576 0.0815193 -0.100563
664 -0.0176276 0.0800829 -0.100563
665 -0.0261827 0.0777076 -0.100563
666 -0.0344309 0.0744212 -0.100563
667 -1.73721e-05 0.000204124 -0.000157997
668 0 0.000204865 -0.000562698
669 -3.46222e-05 0.000201912 -0.000562698
670 -6.82449e-05 0.000193161 -0.000562698
671 -5.16205e-05 0.00019825 -0.000157997
672 -0.0422754 0.0702623 -0.100563
673 -0.0496243 0.0652796 -0.100563
674 -0.0563914 0.0595316 -0.100563
675 -3.46222e-05 0.000201912 -0.000157997
676 -0.0624973 0.0530857 -0.100563
677 -0.0678705 0.0460173 -0.100563
678 -0.072448 0.0384095 -0.100563
679 -9.99069e-05 0.000178848 -0.000562698
680 -8.43811e-05 0.000186676 -0.000157997
681 -0.0761761 0.0303513 -0.100563
682 -0.0790111 0.0219373 -0.100563
683 -0.0809198 0.0132661 -0.100563
684 -6.82449e-05 0.000193161 -0.000157997
685 -0.0818797 0.00443939 -0.100563
686 -0.0818797 -0.00443939 -0.100563
687 -0.0809198 -0.0132661 -0.100563
688 -0.0001287 0.000159386 -0.000562698
689 -0.000114716 0.000169731 -0.000157997
690 -0.0790111 -0.0219373 -0.100563
691 -0.0761761 -0.0303513 -0.100563
692 -0.072448 -0.0384095 -0.100563
693 -9.99069e-05 0.000178848 -0.000157997
694 -0.0678705 -0.0460173 -0.100563
695 -0.0624973 -0.0530857 -0.100563
696 -0.0563914 -0.0595316 -0.100563
697 -0.000153786 0.000135345 -0.000562698
698 -0.000141754 0.000147903 -0.000157997
699 -0.0496243 -0.0652796 -0.100563
700 -0.0422754 -0.0702623 -0.100563
701 -0.0344309 -0.0744212 -0.100563
702 -0.0001287 0.000159386 -0.000157997
703 -0.0261827 -0.0777076 -0.100563
704 -0.0176276 -0.0800829 -0.100563
705 -0.00886576 -0.0815193 -0.100563
706 -0.000174446 0.000107407 -0.000562698
707 -0.000164711 0.000121819 -0.000157997
708 0 -0.082 -0.100563
709 0.00886576 -0.0815193 -0.100563
710 0.0176276 -0.0800829 -0.100563
711 -0.000153786 0.000135345 -0.000157997
712 0.0261827 -0.0777076 -0.100563
713 0.0344309 -0.0744212 -0.100563
714 0.0422754 -0.0702623 -0.100563
715 -0.000190086 7.63855e-05 -0.000562698
716 -0.000182922 9.22318e-05 -0.000157997
717 0.0496243 -0.0652796 -0.100563
718 0.0563914 -0.0595316 -0.100563
719 0.0624973 -0.0530857 -0.100563
720 -0.000174446 0.000107407 -0.000157997
721 0.0678705 -0.0460173 -0.100563
722 0.072448 -0.0384095 -0.100563
723 0.0761761 -0.0303513 -0.100563
724 -0.000200264 4.31595e-05 -0.000562698
725 -0.000195885 5.99899e-05 -0.000157997
726 0.0790111 -0.0219373 -0.100563
727 0.0809198 -0.0132661 -0.100563
728 0.0818797 -0.00443939 -0.100563
729 -0.000190086 7.63855e-05 -0.000157997
730 0.0818797 0.00443939 -0.100563
731 0.0809198 0.0132661 -0.100563
732 0.0790111 0.0219373 -0.100563
733 -0.000204674 8.68988e-06 -0.000562698
734 -0.000203201 2.60162e-05 -0.000157997
735 0.0761761 0.0303513 -0.100563
736 0.072448 0.0384095 -0.100563
737 0.0678705 0.0460173 -0.100563
738 -0.000200264 4.31595e-05 -0.000157997
739 0.0624973 0.0530857 -0.100563
740 0.0563914 0.0595316 -0.100563
741 0.0496243 0.0652796 -0.100563
742 -0.000203201 -2.60239e-05 -0.000562698
743 -0.000204674 -8.69751e-06 -0.000157997
744 0.0422754 0.0702623 -0.100563
745 0.0344309 0.0744212 -0.100563
746 0.0261827 0.0777076 -0.100563
747 -0.000204674 8.68988e-06 -0.000157997
748 0.0176276 0.0800829 -0.100563
749 0.00886576 0.0815193 -0.100563
750 0 0.082 -0.100563
751 -0.000195885 -5.99899e-05 -0.000562698
752 -0.000200264 -4.31595e-05 -0.000157997
753 0.0422754 -0.0702623 -0.000562698
754 0.0344309 -0.0744212 -0.000562698
755 0.0261827 -0.0777076 -0.000562698
756 -0.000203201 -2.60239e-05 -0.000157997
757 0.0176276 -0.0800829 -0.000562698
758 0.0563914 -0.0595316 -0.000562698
759 0.0496243 -0.0652796 -0.000562698
760 -0.000182922 -9.22318e-05 -0.000562698
761 -0.000190086 -7.63855e-05 -0.000157997
762 0.072448 -0.0384095 -0.000562698
763 0.0678705 -0.0460173 -0.000562698
764 0.0624973 -0.0530857 -0.000562698
765 -0.000195885 -5.99899e-05 -0.000157997
766 0.0809198 -0.0132661 -0.000562698
767 0.0790111 -0.0219373 -0.000562698
768 0.0761761 -0.0303513 -0.000562698
769 -0.000164711 -0.000121819 -0.000562698
770 -0.000174446 -0.000107414 -0.000157997
771 0.0809198 0.0132661 -0.000562698
772 0.0818797 0.00443939 -0.000562698
773 0.0818797 -0.00443939 -0.000562698
774 -0.000182922 -9.22318e-05 -0.000157997
775 0.0761761 0.0303513 -0.000562698
776 0.0790111 0.0219373 -0.000562698
777 0.0624973 0.0530857 -0.000562698
778 -0.000141754 -0.000147903 -0.000562698
779 -0.000153786 -0.000135353 -0.000157997
780 0.0678705 0.0460173 -0.000562698
781 0.072448 0.0384095 -0.000562698
782 0.0422754 0.0702623 -0.000562698
783 -0.000164711 -0.000121819 -0.000157997
784 0.0496243 0.0652796 -0.000562698
785 0.0563914 0.0595316 -0.000562698
786 0.0176276 0.0800829 -0.000562698
787 -0.000114716 -0.000169731 -0.000562698
788 -0.0001287 -0.000159393 -0.000157997
789 0.0261827 0.0777076 -0.000562698
790 0.0344309 0.0744212 -0.000562698
791 0 0.082 -0.000562698
792 -0.000141754 -0.000147903 -0.000157997
793 0.00886576 0.0815193 -0.000562698
794 -0.0761761 0.0303513 -0.000562698
795 -0.072448 0.0384095 -0.000562698
796 -8.43811e-05 -0.000186684 -0.000562698
797 -9.99069e-05 -0.000178848 -0.000157997
798 -0.0678705 0.0460173 -0.000562698
799 -0.0563914 -0.0595316 -0.000562698
800 -0.0624973 -0.0530857 -0.000562698
801 -0.000114716 -0.000169731 -0.000157997
802 -0.0678705 -0.0460173 -0.000562698
803 -0.0624973 0.0530857 -0.000562698
804 -0.0563914 0.0595316 -0.000562698
805 -5.16205e-05 -0.000198257 -0.000562698
806 -6.82449e-05 -0.000193161 -0.000157997
807 -0.0496243 0.0652796 -0.000562698
808 -0.072448 -0.0384095 -0.000562698
809 -0.0761761 -0.0303513 -0.000562698
810 -8.43811e-05 -0.000186684 -0.000157997
811 -0.0790111 -0.0219373 -0.000562698
812 -0.0261827 0.0777076 -0.000562698
813 -0.0176276 0.0800829 -0.000562698
814 -1.73721e-05 -0.000204132 -0.000562698
815 -3.46222e-05 -0.00020192 -0.000157997
816 -0.00886576 0.0815193 -0.000562698
817 -0.0818797 0.00443939 -0.000562698
818 -0.0809198 0.0132661 -0.000562698
819 -5.16205e-05 -0.000198257 -0.000157997
820 -0.0790111 0.0219373 -0.000562698
821 -0.0809198 -0.0132661 -0.000562698
822 -0.0818797 -0.00443939 -0.000562698
823 1.73798e-05 -0.000204132 -0.000562698
824 0 -0.000204865 -0.000157997
825 -0.0422754 0.0702623 -0.000562698
826 -0.0344309 0.0744212 -0.000562698
827 -0.00886576 -0.0815193 -0.000562698
828 -1.73721e-05 -0.000204132 -0.000157997
829 -0.0176276 -0.0800829 -0.000562698
830 -0.0261827 -0.0777076 -0.000562698
831 -0.0344309 -0.0744212 -0.000562698
832 5.16205e-05 -0.000198257 -0.000562698
833 3.46222e-05 -0.00020192 -0.000157997
834 -0.0422754 -0.0702623 -0.000562698
835 -0.0496243 -0.0652796 -0.000562698
836 0.00886576 -0.0815193 -0.000562698
837 1.73798e-05 -0.000204132 -0.000157997
838 0 -0.082 -0.000562698
839 3.46222e-05 0.000201912 -0.000157997
840 1.73798e-05 0.000204124 -0.000157997
841 8.43887e-05 -0.000186684 -0.000562698
842 6.82526e-05 -0.000193161 -0.000157997
843 0 0.000204865 -0.000157997
844 6.82526e-05 0.000193161 -0.000157997
845 5.16205e-05 0.00019825 -0.000157997
846 5.16205e-05 -0.000198257 -0.000157997
847 3.46222e-05 0.000201912 -0.000562698
848 9.99146e-05 0.000178848 -0.000157997
849 8.43887e-05 0.000186676 -0.000157997
850 0.000114723 -0.000169731 -0.000562698
851 9.99146e-05 -0.000178848 -0.000157997
852 6.82526e-05 0.000193161 -0.000562698
853 0.0001287 0.000159386 -0.000157997
854 0.000114723 0.000169731 -0.000157997
855 8.43887e-05 -0.000186684 -0.000157997
856 9.99146e-05 0.000178848 -0.000562698
857 0.000153786 0.000135345 -0.000157997
858 0.000141754 0.000147903 -0.000157997
859 0.000141754 -0.000147903 -0.000562698
860 0.0001287 -0.000159393 -0.000157997
861 0.0001287 0.000159386 -0.000562698
862 0.000174454 0.000107407 -0.000157997
863 0.000164711 0.000121819 -0.000157997
864 0.000114723 -0.000169731 -0.000157997
865 0.000153786 0.000135345 -0.000562698
866 0.000190094 7.63855e-05 -0.000157997
867 0.00018293 9.22318e-05 -0.000157997
868 0.000164711 -0.000121819 -0.000562698
869 0.000153786 -0.000135353 -0.000157997
870 0.000174454 0.000107407 -0.000562698
871 0.000200272 4.31595e-05 -0.000157997
872 0.000195885 5.99899e-05 -0.000157997
873 0.000141754 -0.000147903 -0.000157997
874 0.000190094 7.63855e-05 -0.000562698
875 0.000204681 8.68988e-06 -0.000157997
876 0.000203209 2.60162e-05 -0.000157997
877 0.00018293 -9.22318e-05 -0.000562698
878 0.000174454 -0.000107414 -0.000157997
879 0.000200272 4.31595e-05 -0.000562698
880 0.000203209 -2.60239e-05 -0.000157997
881 0.000204681 -8.69751e-06 -0.000157997
882 0.000164711 -0.000121819 -0.000157997
883 0.000204681 8.68988e-06 -0.000562698
884 0.000195885 -5.99899e-05 -0.000157997
885 0.000200272 -4.31595e-05 -0.000157997
886 0.000195885 -5.99899e-05 -0.000562698
887 0.000190094 -7.63855e-05 -0.000157997
888 0.000203209 -2.60239e-05 -0.000562698
889 0.00018293 -9.22318e-05 -0.000157997
890 8.64258e-05 3.66974e-06 0
891 8.45642e-05 1.8219e-05 0
892 8.02612e-05 3.22495e-05 0
893 7.36618e-05 4.53491e-05 0
894 6.49338e-05 5.71442e-05 0
895 5.43442e-05 6.72989e-05 0
896 4.21906e-05 7.55157e-05 0
897 2.88162e-05 8.15582e-05 0
898 1.46179e-05 8.52509e-05 0
899 0 8.64944e-05 0
900 -1.46179e-05 8.52509e-05 0
901 -2.88162e-05 8.15582e-05 0
902 -4.21829e-05 7.55157e-05 0
903 -5.43365e-05 6.72989e-05 0
904 -6.49338e-05 5.71442e-05 0
905 -7.36542e-05 4.53491e-05 0
906 -8.02612e-05 3.22495e-05 0
907 -8.45566e-05 1.8219e-05 0
908 -8.64182e-05 3.66974e-06 0
909 -8.58002e-05 -1.09863e-05 0
910 -8.27026e-05 -2.53296e-05 0
911 -7.72324e-05 -3.89481e-05 0
912 -6.95419e-05 -5.14374e-05 0
913 -5.98526e-05 -6.24542e-05 0
914 -4.8439e-05 -7.16705e-05 0
915 -3.56293e-05 -7.88269e-05 0
916 -2.17972e-05 -8.37097e-05 0
917 -7.33185e-06 -8.61893e-05 0
918 7.33948e-06 -8.61893e-05 0
919 2.17972e-05 -8.37097e-05 0
920 3.56293e-05 -7.88269e-05 0
921 4.8439e-05 -7.16705e-05 0
922 5.98526e-05 -6.24542e-05 0
923 6.95496e-05 -5.14374e-05 0
924 7.724e-05 -3.89481e-05 0
925 8.27103e-05 -2.53296e-05 0
926 8.58002e-05 -1.09863e-05 0
927 8.64258e-05 3.66974e-06 -1.11111e-05
928 8.45642e-05 1.8219e-05 -1.11111e-05
929 8.02612e-05 3.22495e-05 -1.11111e-05
930 7.36618e-05 4.53491e-05 -1.11111e-05
931 6.49338e-05 5.71442e-05 -1.11111e-05
932 5.43442e-05 6.72989e-05 -1.11111e-05
933 4.21906e-05 7.55157e-05 -1.11111e-05
934 2.88162e-05 8.15582e-05 -1.11111e-05
935 1.46179e-05 8.52509e-05 -1.11111e-05
936 0 8.64944e-05 -1.11111e-05
937 -1.46179e-05 8.52509e-05 -1.11111e-05
938 -2.88162e-05 8.15582e-05 -1.11111e-05
939 -4.21829e-05 7.55157e-05 -1.11111e-05
940 -5.43365e-05 6.72989e-05 -1.11111e-05
941 -6.49338e-05 5.71442e-05 -1.11111e-05
942 -7.36542e-05 4.53491e-05 -1.11111e-05
943 -8.02612e-05 3.22495e-05 -1.11111e-05
944 -8.45566e-05 1.8219e-05 -1.11111e-05
945 -8.64182e-05 3.66974e-06 -1.11111e-05
946 -8.58002e-05 -1.09863e-05 -1.11111e-05
947 -8.27026e-05 -2.53296e-05 -1.11111e-05
948 -7.72324e-05 -3.89481e-05 -1.11111e-05
949 -6.95419e-05 -5.14374e-05 -1.11111e-05
950 -5.98526e-05 -6.24542e-05 -1.11111e-05
951 -4.8439e-05 -7.16705e-05 -1.11111e-05
952 -3.56293e-05 -7.88269e-05 -1.11111e-05
953 -2.17972e-05 -8.37097e-05 -1.11111e-05
954 -7.33185e-06 -8.61893e-05 -1.11111e-05
955 7.33948e-06 -8.61893e-05 -1.11111e-05
956 2.17972e-05 -8.37097e-05 -1.11111e-05
957 3.56293e-05 -7.88269e-05 -1.11111e-05
958 4.8439e-05 -7.16705e-05 -1.11111e-05
959 5.98526e-05 -6.24542e-05 -1.11111e-05
960 6.95496e-05 -5.14374e-05 -1.11111e-05
961 7.724e-05 -3.89481e-05 -1.11111e-05
962 8.27103e-05 -2.53296e-05 -1.11111e-05
963 8.58002e-05 -1.09863e-05 -1.11111e-05
964 8.64258e-05 3.66974e-06 -2.22222e-05
965 8.45642e-05 1.8219e-05 -2.22222e-05
966 8.02612e-05 3.22495e-05 -2.22222e-05
967 7.36618e-05 4.53491e-05 -2.22222e-05
968 6.49338e-05 5.71442e-05 -2.22222e-05
969 5.43442e-05 6.72989e-05 -2.22222e-05
970 4.21906e-05 7.55157e-05 -2.22222e-05
971 2.88162e-05 8.15582e-05 -2.22222e-05
972 1.46179e-05 8.52509e-05 -2.22222e-05
973 0 8.64944e-05 -2.22222e-05
974 -1.46179e-05 8.52509e-05 -2.22222e-05
975 -2.88162e-05 8.15582e-05 -2.22222e-05
976 -4.21829e-05 7.55157e-05 -2.22222e-05
977 -5.43365e-05 6.72989e-05 -2.22222e-05
978 -6.49338e-05 5.71442e-05 -2.22222e-05
979 -7.36542e-05 4.53491e-05 -2.22222e-05
980 -8.02612e-05 3.22495e-05 -2.22222e-05
981 -8.45566e-05 1.8219e-05 -2.22222e-05
982 -8.64182e-05 3.66974e-06 -2.22222e-05
983 -8.58002e-05 -1.09863e-05 -2.22222e-05
984 -8.27026e-05 -2.53296e-05 -2.22222e-05
985 -7.72324e-05 -3.89481e-05 -2.22222e-05
986 -6.95419e-05 -5.14374e-05 -2.22222e-05
987 -5.98526e-05 -6.24542e-05 -2.22222e-05
988 -4.8439e-05 -7.16705e-05 -2.22222e-05
989 -3.56293e-05 -7.88269e-05 -2.22222e-05
990 -2.17972e-05 -8.37097e-05 -2.22222e-05
991 -7.33185e-06 -8.61893e-05 -2.22222e-05
992 7.33948e-06 -8.61893e-05 -2.22222e-05
993 2.17972e-05 -8.37097e-05 -2.22222e-05
994 3.56293e-05 -7.88269e-05 -2.22222e-05
995 4.8439e-05 -7.16705e-05 -2.22222e-05
996 5.98526e-05 -6.24542e-05 -2.22222e-05
997 6.95496e-05 -5.14374e-05 -2.22222e-05
998 7.724e-05 -3.89481e-05 -2.22222e-05
999 8.27103e-05 -2.53296e-05 -2.22222e-05
1000 8.58002e-05 -1.09863e-05 -2.22222e-05
1001 8.64258e-05 3.66974e-06 -3.33333e-05
1002 8.45642e-05 1.8219e-05 -3.33333e-05
1003 8.02612e-05 3.22495e-05 -3.33333e-05
1004 7.36618e-05 4.53491e-05 -3.33333e-05
1005 6.49338e-05 5.71442e-05 -3.33333e-05
1006 5.43442e-05 6.72989e-05 -3.33333e-05
1007 4.21906e-05 7.55157e-05 -3.33333e-05
1008 2.88162e-05 8.15582e-05 -3.33333e-05
1009 1.46179e-05 8.52509e-05 -3.33333e-05
1010 0 8.64944e-05 -3.33333e-05
1011 -1.46179e-05 8.52509e-05 -3.33333e-05
1012 -2.88162e-05 8.15582e-05 -3.33333e-05
1013 -4.21829e-05 7.55157e-05 -3.33333e-05
1014 -5.43365e-05 6.72989e-05 -3.33333e-05
1015 -6.49338e-05 5.71442e-05 -3.33333e-05
1016 -7.36542e-05 4.53491e-05 -3.33333e-05
1017 -8.02612e-05 3.22495e-05 -3.33333e-05
1018 -8.45566e-05 1.8219e-05 -3.33333e-05
1019 -8.64182e-05 3.66974e-06 -3.33333e-05
1020 -8.58002e-05 -1.09863e-05 -3.33333e-05
1021 -8.27026e-05 -2.53296e-05 -3.33333e-05
1022 -7.72324e-05 -3.89481e-05 -3.33333e-05
1023 -6.95419e-05 -5.14374e-05 -3.33333e-05
1024 -5.98526e-05 -6.24542e-05 -3.33333e-05
1025 -4.8439e-05 -7.16705e-05 -3.33333e-05
1026 -3.56293e-05 -7.88269e-05 -3.33333e-05
1027 -2.17972e-05 -8.37097e-05 -3.33333e-05
1028 -7.33185e-06 -8.61893e-05 -3.33333e-05
1029 7.33948e-06 -8.61893e-05 -3.33333e-05
1030 2.17972e-05 -8.37097e-05 -3.33333e-05
1031 3.56293e-05 -7.88269e-05 -3.33333e-05
1032 4.8439e-05 -7.16705e-05 -3.33333e-05
1033 5.98526e-05 -6.24542e-05 -3.33333e-05
1034 6.95496e-05 -5.14374e-05 -3.33333e-05
1035 7.724e-05 -3.89481e-05 -3.33333e-05
1036 8.27103e-05 -2.53296e-05 -3.33333e-05
1037 8.58002e-05 -1.09863e-05 -3.33333e-05
1038 8.64258e-05 3.66974e-06 -4.44444e-05
1039 8.45642e-05 1.8219e-05 -4.44444e-05
1040 8.02612e-05 3.22495e-05 -4.44444e-05
1041 7.36618e-05 4.53491e-05 -4.44444e-05
1042 6.49338e-05 5.71442e-05 -4.44444e-05
1043 5.43442e-05 6.72989e-05 -4.44444e-05
1044 4.21906e-05 7.55157e-05 -4.44444e-05
1045 2.88162e-05 8.15582e-05 -4.44444e-05
1046 1.46179e-05 8.52509e-05 -4.44444e-05
1047 0 8.64944e-05 -4.44444e-05
1048 -1.46179e-05 8.52509e-05 -4.44444e-05
1049 -2.88162e-05 8.15582e-05 -4.44444e-05
1050 -4.21829e-05 7.55157e-05 -4.44444e-05
1051 -5.43365e-05 6.72989e-05 -4.44444e-05
1052 -6.49338e-05 5.71442e-05 -4.44444e-05
1053 -7.36542e-05 4.53491e-05 -4.44444e-05
1054 -8.02612e-05 3.22495e-05 -4.44444e-05
1055 -8.45566e-05 1.8219e-05 -4.44444e-05
1056 -8.64182e-05 3.66974e-06 -4.44444e-05
1057 -8.58002e-05 -1.09863e-05 -4.44444e-05
1058 -8.27026e-05 -2.53296e-05 -4.44444e-05
1059 -7.72324e-05 -3.89481e-05 -4.44444e-05
1060 -6.95419e-05 -5.14374e-05 -4.44444e-05
1061 -5.98526e-05 -6.24542e-05 -4.44444e-05
1062 -4.8439e-05 -7.16705e-05 -4.44444e-05
1063 -3.56293e-05 -7.88269e-05 -4.44444e-05
1064 -2.17972e-05 -8.37097e-05 -4.44444e-05
1065 -7.33185e-06 -8.61893e-05 -4.44444e-05
1066 7.33948e-06 -8.61893e-05 -4.44444e-05
1067 2.17972e-05 -8.37097e-05 -4.44444e-05
1068 3.56293e-05 -7.88269e-05 -4.44444e-05
1069 4.8439e-05 -7.16705e-05 -4.44444e-05
1070 5.98526e-05 -6.24542e-05 -4.44444e-05
1071 6.95496e-05 -5.14374e-05 -4.44444e-05
1072 7.724e-05 -3.89481e-05 -4.44444e-05
1073 8.27103e-05 -2.53296e-05 -4.44444e-05
1074 8.58002e-05 -1.09863e-05 -4.44444e-05
1075 8.64258e-05 3.66974e-06 -5.55556e-05
1076 8.45642e-05 1.8219e-05 -5.55556e-05
1077 8.02612e-05 3.22495e-05 -5.55556e-05
1078 7.36618e-05 4.53491e-05 -5.55556e-05
1079 6.49338e-05 5.71442e-05 -5.55556e-05
1080 5.43442e-05 6.72989e-05 -5.55556e-05
1081 4.21906e-05 7.55157e-05 -5.55556e-05
1082 2.88162e-05 8.15582e-05 -5.55556e-05
1083 1.46179e-05 8.52509e-05 -5.55556e-05
1084 0 8.64944e-05 -5.55556e-05
1085 -1.46179e-05 8.52509e-05 -5.55556e-05
1086 -2.88162e-05 8.15582e-05 -5.55556e-05
1087 -4.21829e-05 7.55157e-05 -5.55556e-05
1088 -5.43365e-05 6.72989e-05 -5.55556e-05
1089 -6.49338e-05 5.71442e-05 -5.55556e-05
1090 -7.36542e-05 4.53491e-05 -5.55556e-05
1091 -8.02612e-05 3.22495e-05 -5.55556e-05
1092 -8.45566e-05 1.8219e-05 -5.55556e-05
1093 -8.64182e-05 3.66974e-06 -5.55556e-05
1094 -8.58002e-05 -1.09863e-05 -5.55556e-05
1095 -8.27026e-05 -2.53296e-05 -5.55556e-05
1096 -7.72324e-05 -3.89481e-05 -5.55556e-05
1097 -6.95419e-05 -5.14374e-05 -5.55556e-05
1098 -5.98526e-05 -6.24542e-05 -5.55556e-05
1099 -4.8439e-05 -7.16705e-05 -5.55556e-05
1100 -3.56293e-05 -7.88269e-05 -5.55556e-05
1101 -2.17972e-05 -8.37097e-05 -5.55556e-05
1102 -7.33185e-06 -8.61893e-05 -5.55556e-05
1103 7.33948e-06 -8.61893e-05 -5.55556e-05
1104 2.17972e-05 -8.37097e-05 -5.55556e-05
1105 3.56293e-05 -7.88269e-05 -5.55556e-05
1106 4.8439e-05 -7.16705e-05 -5.55556e-05
1107 5.98526e-05 -6.24542e-05 -5.55556e-05
1108 6.95496e-05 -5.14374e-05 -5.55556e-05
1109 7.724e-05 -3.89481e-05 -5.55556e-05
1110 8.27103e-05 -2.53296e-05 -5.55556e-05
1111 8.58002e-05 -1.09863e-05 -5.55556e-05
1112 8.64258e-05 3.66974e-06 -6.66667e-05
1113 8.45642e-05 1.8219e-05 -6.66667e-05
1114 8.02612e-05 3.22495e-05 -6.66667e-05
1115 7.36618e-05 4.53491e-05 -6.66667e-05
1116 6.49338e-05 5.71442e-05 -6.66667e-05
1117 5.43442e-05 6.72989e-05 -6.66667e-05
1118 4.21906e-05 7.55157e-05 -6.66667e-05
1119 2.88162e-05 8.15582e-05 -6.66667e-05
1120 1.46179e-05 8.52509e-05 -6.66667e-05
1121 0 8.64944e-05 -6.66667e-05
1122 -1.46179e-05 8.52509e-05 -6.66667e-05
1123 -2.88162e-05 8.15582e-05 -6.66667e-05
1124 -4.21829e-05 7.55157e-05 -6.66667e-05
1125 -5.43365e-05 6.72989e-05 -6.66667e-05
1126 -6.49338e-05 5.71442e-05 -6.66667e-05
1127 -7.36542e-05 4.53491e-05 -6.66667e-05
1128 -8.02612e-05 3.22495e-05 -6.66667e-05
1129 -8.45566e-05 1.8219e-05 -6.66667e-05
1130 -8.64182e-05 3.66974e-06 -6.66667e-05
1131 -8.58002e-05 -1.09863e-05 -6.66667e-05
1132 -8.27026e-05 -2.53296e-05 -6.66667e-05
1133 -7.72324e-05 -3.89481e-05 -6.66667e-05
1134 -6.95419e-05 -5.14374e-05 -6.66667e-05
1135 -5.98526e-05 -6.24542e-05 -6.66667e-05
1136 -4.8439e-05 -7.16705e-05 -6.66667e-05
1137 -3.56293e-05 -7.88269e-05 -6.66667e-05
1138 -2.17972e-05 -8.37097e-05 -6.66667e-05
1139 -7.33185e-06 -8.61893e-05 -6.66667e-05
1140 7.33948e-06 -8.61893e-05 -6.66667e-05
1141 2.17972e-05 -8.37097e-05 -6.66667e-05
1142 3.56293e-05 -7.88269e-05 -6.66667e-05
1143 4.8439e-05 -7.16705e-05 -6.66667e-05
1144 5.98526e-05 -6.24542e-05 -6.66667e-05
1145 6.95496e-05 -5.14374e-05 -6.66667e-05
1146 7.724e-05 -3.89481e-05 -6.66667e-05
1147 8.27103e-05 -2.53296e-05 -6.66667e-05
1148 8.58002e-05 -1.09863e-05 -6.66667e-05
1149 8.64258e-05 3.66974e-06 -7.77778e-05
1150 8.45642e-05 1.8219e-05 -7.77778e-05
1151 8.02612e-05 3.22495e-05 -7.77778e-05
1152 7.36618e-05 4.53491e-05 -7.77778e-05
1153 6.49338e-05 5.71442e-05 -7.77778e-05
1154 5.43442e-05 6.72989e-05 -7.77778e-05
1155 4.21906e-05 7.55157e-05 -7.77778e-05
1156 2.88162e-05 8.15582e-05 -7.77778e-05
1157 1.46179e-05 8.52509e-05 -7.77778e-05
1158 0 8.64944e-05 -7.77778e-05
1159 -1.46179e-05 8.52509e-05 -7.77778e-05
1160 -2.88162e-05 8.15582e-05 -7.77778e-05
1161 -4.21829e-05 7.55157e-05 -7.77778e-05
1162 -5.43365e-05 6.72989e-05 -7.77778e-05
1163 -6.49338e-05 5.71442e-05 -7.77778e-05
1164 -7.36542e-05 4.53491e-05 -7.77778e-05
1165 -8.02612e-05 3.22495e-05 -7.77778e-05
1166 -8.45566e-05 1.8219e-05 -7.77778e-05
1167 -8.64182e-05 3.66974e-06 -7.77778e-05
1168 -8.58002e-05 -1.09863e-05 -7.77778e-05
1169 -8.27026e-05 -2.53296e-05 -7.77778e-05
1170 -7.72324e-05 -3.89481e-05 -7.77778e-05
1171 -6.95419e-05 -5.14374e-05 -7.77778e-05
1172 -5.98526e-05 -6.24542e-05 -7.77778e-05
1173 -4.8439e-05 -7.16705e-05 -7.77778e-05
1174 -3.56293e-05 -7.88269e-05 -7.77778e-05
1175 -2.17972e-05 -8.37097e-05 -7.77778e-05
1176 -7.33185e-06 -8.61893e-05 -7.77778e-05
1177 7.33948e-06 -8.61893e-05 -7.77778e-05
1178 2.17972e-05 -8.37097e-05 -7.77778e-05
1179 3.56293e-05 -7.88269e-05 -7.77778e-05
1180 4.8439e-05 -7.16705e-05 -7.77778e-05
1181 5.98526e-05 -6.24542e-05 -7.77778e-05
1182 6.95496e-05 -5.14374e-05 -7.77778e-05
1183 7.724e-05 -3.89481e-05 -7.77778e-05
1184 8.27103e-05 -2.53296e-05 -7.77778e-05
1185 8.58002e-05 -1.09863e-05 -7.77778e-05
1186 8.64258e-05 3.66974e-06 -8.88889e-05
1187 8.45642e-05 1.8219e-05 -8.88889e-05
1188 8.02612e-05 3.22495e-05 -8.88889e-05
1189 7.36618e-05 4.53491e-05 -8.88889e-05
1190 6.49338e-05 5.71442e-05 -8.88889e-05
1191 5.43442e-05 6.72989e-05 -8.88889e-05
1192 4.21906e-05 7.55157e-05 -8.88889e-05
1193 2.88162e-05 8.15582e-05 -8.88889e-05
1194 1.46179e-05 8.52509e-05 -8.88889e-05
1195 0 8.64944e-05 -8.88889e-05
1196 -1.46179e-05 8.52509e-05 -8.88889e-05
1197 -2.88162e-05 8.15582e-05 -8.88889e-05
1198 -4.21829e-05 7.55157e-05 -8.88889e-05
1199 -5.43365e-05 6.72989e-05 -8.88889e-05
1200 -6.49338e-05 5.71442e-05 -8.88889e-05
1201 -7.36542e-05 4.53491e-05 -8.88889e-05
1202 -8.02612e-05 3.22495e-05 -8.88889e-05
1203 -8.45566e-05 1.8219e-05 -8.88889e-05
1204 -8.64182e-05 3.66974e-06 -8.88889e-05
1205 -8.58002e-05 -1.09863e-05 -8.88889e-05
1206 -8.27026e-05 -2.53296e-05 -8.88889e-05
1207 -7.72324e-05 -3.89481e-05 -8.88889e-05
1208 -6.95419e-05 -5.14374e-05 -8.88889e-05
1209 -5.98526e-05 -6.24542e-05 -8.88889e-05
1210 -4.8439e-05 -7.16705e-05 -8.88889e-05
1211 -3.56293e-05 -7.88269e-05 -8.88889e-05
1212 -2.17972e-05 -8.37097e-05 -8.88889e-05
1213 -7.33185e-06 -8.61893e-05 -8.88889e-05
1214 7.33948e-06 -8.61893e-05 -8.88889e-05
1215 2.17972e-05 -8.37097e-05 -8.88889e-05
1216 3.56293e-05 -7.88269e-05 -8.88889e-05
1217 4.8439e-05 -7.16705e-05 -8.88889e-05
1218 5.98526e-05 -6.24542e-05 -8.88889e-05
1219 6.95496e-05 -5.14374e-05 -8.88889e-05
1220 7.724e-05 -3.89481e-05 -8.88889e-05
1221 8.27103e-05 -2.53296e-05 -8.88889e-05
1222 8.58002e-05 -1.09863e-05 -8.88889e-05
1223 8.64258e-05 3.66974e-06 -0.0001
1224 8.45642e-05 1.8219e-05 -0.0001
1225 8.02612e-05 3.22495e-05 -0.0001
1226 7.36618e-05 4.53491e-05 -0.0001
1227 6.49338e-05 5.71442e-05 -0.0001
1228 5.43442e-05 6.72989e-05 -0.0001
1229 4.21906e-05 7.55157e-05 -0.0001
1230 2.88162e-05 8.15582e-05 -0.0001
1231 1.46179e-05 8.52509e-05 -0.0001
1232 0 8.64944e-05 -0.0001
1233 -1.46179e-05 8.52509e-05 -0.0001
1234 -2.88162e-05 8.15582e-05 -0.0001
1235 -4.21829e-05 7.55157e-05 -0.0001
1236 -5.43365e-05 6.72989e-05 -0.0001
1237 -6.49338e-05 5.71442e-05 -0.0001
1238 -7.36542e-05 4.53491e-05 -0.0001
1239 -8.02612e-05 3.22495e-05 -0.0001
1240 -8.45566e-05 1.8219e-05 -0.0001
1241 -8.64182e-05 3.66974e-06 -0.0001
1242 -8.58002e-05 -1.09863e-05 -0.0001
1243 -8.27026e-05 -2.53296e-05 -0.0001
1244 -7.72324e-05 -3.89481e-05 -0.0001
1245 -6.95419e-05 -5.14374e-05 -0.0001
1246 -5.98526e-05 -6.24542e-05 -0.0001
1247 -4.8439e-05 -7.16705e-05 -0.0001
1248 -3.56293e-05 -7.88269e-05 -0.0001
1249 -2.17972e-05 -8.37097e-05 -0.0001
1250 -7.33185e-06 -8.61893e-05 -0.0001
1251 7.33948e-06 -8.61893e-05 -0.0001
1252 2.17972e-05 -8.37097e-05 -0.0001
1253 3.56293e-05 -7.88269e-05 -0.0001
1254 4.8439e-05 -7.16705e-05 -0.0001
1255 5.98526e-05 -6.24542e-05 -0.0001
1256 6.95496e-05 -5.14374e-05 -0.0001
1257 7.724e-05 -3.89481e-05 -0.0001
1258 8.27103e-05 -2.53296e-05 -0.0001
1259 8.58002e-05 -1.09863e-05 -0.0001
114 1 2 7
2 116 114 7
120 116 2 7
104 120 2 7
104 125 120 7
129 125 104 7
108 129 104 7
108 134 129 7
138 134 108 7
94 138 108 7
94 143 138 7
147 143 94 7
95 147 94 7
95 152 147 7
156 152 95 7
99 156 95 7
99 161 156 7
165 161 99 7
85 165 99 7
85 170 165 7
174 170 85 7
86 174 85 7
86 179 174 7
183 179 86 7
90 183 86 7
90 188 183 7
192 188 90 7
76 192 90 7
76 197 192 7
201 197 76 7
77 201 76 7
77 206 201 7
210 206 77 7
81 210 77 7
81 215 210 7
219 215 81 7
67 219 81 7
67 224 219 7
228 224 67 7
68 228 67 7
68 233 228 7
237 233 68 7
72 237 68 7
72 242 237 7
246 242 72 7
58 246 72 7
58 251 246 7
255 251 58 7
59 255 58 7
59 260 255 7
264 260 59 7
63 264 59 7
63 269 264 7
273 269 63 7
49 273 63 7
49 278 273 7
282 278 49 7
50 282 49 7
50 287 282 7
291 287 50 7
54 291 50 7
54 296 291 7
300 296 54 7
40 300 54 7
40 305 300 7
309 305 40 7
41 309 40 7
41 314 309 7
318 314 41 7
45 318 41 7
45 323 318 7
327 323 45 7
31 327 45 7
31 332 327 7
336 332 31 7
32 336 31 7
32 341 336 7
345 341 32 7
36 345 32 7
36 350 345 7
354 350 36 7
22 354 36 7
22 359 354 7
363 359 22 7
23 363 22 7
23 368 363 7
372 368 23 7
27 372 23 7
27 377 372 7
381 377 27 7
13 381 27 7
13 386 381 7
390 386 13 7
14 390 13 7
14 395 390 7
399 395 14 7
18 399 14 7
18 404 399 7
408 404 18 7
4 408 18 7
4 413 408 7
417 413 4 7
5 417 4 7
5 422 417 7
426 422 5 7
9 426 5 7
9 431 426 7
435 431 9 7
1 435 9 7
441 435 1 7
114 441 1 7
447 446 445 8
450 446 447 8
453 450 447 8
456 450 453 8
459 456 453 8
462 456 459 8
465 462 459 8
468 462 465 8
471 468 465 8
474 468 471 8
477 474 471 8
480 474 477 8
483 480 477 8
486 480 483 8
489 486 483 8
492 486 489 8
495 492 489 8
498 492 495 8
501 498 495 8
504 498 501 8
507 504 501 8
510 504 507 8
513 510 507 8
516 510 513 8
519 516 513 8
522 516 519 8
525 522 519 8
528 522 525 8
531 528 525 8
534 528 531 8
537 534 531 8
540 534 537 8
543 540 537 8
546 540 543 8
549 546 543 8
552 546 549 8
555 552 549 8
558 552 555 8
561 558 555 8
564 558 561 8
567 564 561 8
570 564 567 8
573 570 567 8
576 570 573 8
579 576 573 8
582 576 579 8
585 582 579 8
588 582 585 8
591 588 585 8
594 588 591 8
597 594 591 8
600 594 597 8
603 600 597 8
606 600 603 8
609 606 603 8
612 606 609 8
615 612 609 8
618 612 615 8
621 618 615 8
624 618 621 8
627 624 621 8
630 624 627 8
633 630 627 8
636 630 633 8
639 636 633 8
642 636 639 8
645 642 639 8
648 642 645 8
651 648 645 8
654 648 651 8
657 654 651 8
660 654 657 8
445 660 657 8
446 660 445 8
669 668 667 5
669 671 670 5
675 671 669 5
667 675 669 5
670 680 679 5
684 680 670 5
671 684 670 5
679 689 688 5
693 689 679 5
680 693 679 5
688 698 697 5
702 698 688 5
689 702 688 5
697 707 706 5
711 707 697 5
698 711 697 5
706 716 715 5
720 716 706 5
707 720 706 5
715 725 724 5
729 725 715 5
716 729 715 5
724 734 733 5
738 734 724 5
725 738 724 5
733 743 742 5
747 743 733 5
734 747 733 5
742 752 751 5
756 752 742 5
743 756 742 5
751 761 760 5
765 761 751 5
752 765 751 5
760 770 769 5
774 770 760 5
761 774 760 5
769 779 778 5
783 779 769 5
770 783 769 5
778 788 787 5
792 788 778 5
779 792 778 5
787 797 796 5
801 797 787 5
788 801 787 5
796 806 805 5
810 806 796 5
797 810 796 5
805 815 814 5
819 815 805 5
806 819 805 5
814 824 823 5
828 824 814 5
815 828 814 5
823 833 832 5
837 833 823 5
824 837 823 5
832 842 841 5
846 842 832 5
833 846 832 5
841 851 850 5
855 851 841 5
842 855 841 5
850 860 859 5
864 860 850 5
851 864 850 5
859 869 868 5
873 869 859 5
860 873 859 5
868 878 877 5
882 878 868 5
869 882 868 5
877 887 886 5
889 887 877 5
878 889 877 5
886 885 888 5
884 885 886 5
887 884 886 5
888 881 883 5
880 881 888 5
885 880 888 5
883 876 879 5
875 876 883 5
881 875 883 5
879 872 874 5
871 872 879 5
876 871 879 5
874 867 870 5
866 867 874 5
872 866 874 5
870 863 865 5
862 863 870 5
867 862 870 5
865 858 861 5
857 858 865 5
863 857 865 5
861 854 856 5
853 854 861 5
858 853 861 5
856 849 852 5
848 849 856 5
854 848 856 5
852 845 847 5
844 845 852 5
849 844 852 5
668 843 667 5
840 843 668 5
847 840 668 5
839 840 847 5
845 839 847 5
823 838 814 4
836 838 823 4
832 836 823 4
787 835 778 4
834 835 787 4
796 834 787 4
796 831 834 4
830 831 796 4
805 830 796 4
829 830 805 4
814 829 805 4
827 829 814 4
838 827 814 4
679 826 670 4
825 826 679 4
688 825 679 4
742 822 733 4
821 822 742 4
751 821 742 4
724 820 715 4
818 820 724 4
733 818 724 4
817 818 733 4
822 817 733 4
669 816 668 4
813 816 669 4
670 813 669 4
812 813 670 4
826 812 670 4
751 811 821 4
809 811 751 4
760 809 751 4
808 809 760 4
769 808 760 4
688 807 825 4
804 807 688 4
697 804 688 4
803 804 697 4
706 803 697 4
769 802 808 4
800 802 769 4
778 800 769 4
799 800 778 4
835 799 778 4
706 798 803 4
795 798 706 4
715 795 706 4
794 795 715 4
820 794 715 4
668 793 847 4
791 793 668 4
816 791 668 4
852 790 856 4
789 790 852 4
847 789 852 4
786 789 847 4
793 786 847 4
861 785 865 4
784 785 861 4
856 784 861 4
782 784 856 4
790 782 856 4
870 781 874 4
780 781 870 4
865 780 870 4
777 780 865 4
785 777 865 4
874 776 879 4
775 776 874 4
781 775 874 4
883 773 888 4
772 773 883 4
879 772 883 4
771 772 879 4
776 771 879 4
886 768 877 4
767 768 886 4
888 767 886 4
766 767 888 4
773 766 888 4
868 764 859 4
763 764 868 4
877 763 868 4
762 763 877 4
768 762 877 4
859 759 850 4
758 759 859 4
764 758 859 4
832 757 836 4
755 757 832 4
841 755 832 4
754 755 841 4
850 754 841 4
753 754 850 4
759 753 850 4
749 793 750 3
786 793 749 3
748 786 749 3
789 786 748 3
746 789 748 3
790 789 746 3
745 790 746 3
782 790 745 3
744 782 745 3
784 782 744 3
741 784 744 3
785 784 741 3
740 785 741 3
777 785 740 3
739 777 740 3
780 777 739 3
737 780 739 3
781 780 737 3
736 781 737 3
775 781 736 3
735 775 736 3
776 775 735 3
732 776 735 3
771 776 732 3
731 771 732 3
772 771 731 3
730 772 731 3
773 772 730 3
728 773 730 3
766 773 728 3
727 766 728 3
767 766 727 3
726 767 727 3
768 767 726 3
723 768 726 3
762 768 723 3
722 762 723 3
763 762 722 3
721 763 722 3
764 763 721 3
719 764 721 3
758 764 719 3
718 758 719 3
759 758 718 3
717 759 718 3
753 759 717 3
714 753 717 3
754 753 714 3
713 754 714 3
755 754 713 3
712 755 713 3
757 755 712 3
710 757 712 3
836 757 710 3
709 836 710 3
838 836 709 3
708 838 709 3
827 838 708 3
705 827 708 3
829 827 705 3
704 829 705 3
830 829 704 3
703 830 704 3
831 830 703 3
701 831 703 3
834 831 701 3
700 834 701 3
835 834 700 3
699 835 700 3
799 835 699 3
696 799 699 3
800 799 696 3
695 800 696 3
802 800 695 3
694 802 695 3
808 802 694 3
692 808 694 3
809 808 692 3
691 809 692 3
811 809 691 3
690 811 691 3
821 811 690 3
687 821 690 3
822 821 687 3
686 822 687 3
817 822 686 3
685 817 686 3
818 817 685 3
683 818 685 3
820 818 683 3
682 820 683 3
794 820 682 3
681 794 682 3
795 794 681 3
678 795 681 3
798 795 678 3
677 798 678 3
803 798 677 3
676 803 677 3
804 803 676 3
674 804 676 3
807 804 674 3
673 807 674 3
825 807 673 3
672 825 673 3
826 825 672 3
666 826 672 3
812 826 666 3
665 812 666 3
813 812 665 3
664 813 665 3
816 813 664 3
663 816 664 3
791 816 663 3
750 791 663 3
793 791 750 3
662 749 750 2
662 664 665 2
663 664 662 2
750 663 662 2
662 672 673 2
666 672 662 2
665 666 662 2
662 676 677 2
674 676 662 2
673 674 662 2
662 681 682 2
678 681 662 2
677 678 662 2
662 685 686 2
683 685 662 2
682 683 662 2
662 690 691 2
687 690 662 2
686 687 662 2
662 694 695 2
692 694 662 2
691 692 662 2
662 699 700 2
696 699 662 2
695 696 662 2
662 703 704 2
701 703 662 2
700 701 662 2
662 708 709 2
705 708 662 2
704 705 662 2
662 712 713 2
710 712 662 2
709 710 662 2
662 717 718 2
714 717 662 2
713 714 662 2
662 721 722 2
719 721 662 2
718 719 662 2
662 726 727 2
723 726 662 2
722 723 662 2
662 730 731 2
728 730 662 2
727 728 662 2
662 735 736 2
732 735 662 2
731 732 662 2
662 739 740 2
737 739 662 2
736 737 662 2
662 744 745 2
741 744 662 2
740 741 662 2
662 748 749 2
746 748 662 2
745 746 662 2
661 860 864 8
659 869 873 8
658 885 884 8
656 881 880 8
655 876 875 8
653 872 871 8
652 858 857 8
650 845 844 8
649 680 684 8
647 689 693 8
646 698 702 8
644 743 747 8
643 806 810 8
641 815 819 8
642 648 640 8
648 654 638 8
654 660 637 8
660 446 635 8
446 450 634 8
450 456 632 8
456 462 631 8
462 468 629 8
468 474 628 8
474 480 626 8
480 486 625 8
486 492 623 8
492 498 622 8
498 504 620 8
504 510 619 8
510 516 617 8
516 522 616 8
522 528 614 8
528 534 613 8
534 540 611 8
540 546 610 8
546 552 608 8
552 558 607 8
558 564 605 8
564 570 604 8
570 576 602 8
576 582 601 8
588 594 599 8
594 600 598 8
600 606 596 8
606 612 595 8
612 618 593 8
618 624 592 8
624 630 590 8
630 636 589 8
636 642 587 8
641 586 815 8
584 586 641 8
583 584 641 8
581 584 583 8
580 581 583 8
578 581 580 8
577 578 580 8
575 578 577 8
574 575 577 8
572 575 574 8
571 572 574 8
569 572 571 8
568 569 571 8
566 569 568 8
565 566 568 8
599 566 565 8
563 599 565 8
588 599 563 8
582 588 563 8
563 601 582 8
562 601 563 8
565 562 563 8
560 562 565 8
568 560 565 8
559 560 568 8
571 559 568 8
557 559 571 8
574 557 571 8
556 557 574 8
577 556 574 8
554 556 577 8
580 554 577 8
553 554 580 8
583 553 580 8
643 553 583 8
641 643 583 8
806 643 641 8
819 806 641 8
601 602 576 8
551 602 601 8
562 551 601 8
550 551 562 8
560 550 562 8
548 550 560 8
559 548 560 8
547 548 559 8
557 547 559 8
545 547 557 8
556 545 557 8
544 545 556 8
554 544 556 8
542 544 554 8
553 542 554 8
541 542 553 8
643 541 553 8
797 541 643 8
810 797 643 8
801 788 539 8
602 604 570 8
538 604 602 8
551 538 602 8
536 538 551 8
550 536 551 8
535 536 550 8
548 535 550 8
533 535 548 8
547 533 548 8
532 533 547 8
545 532 547 8
530 532 545 8
544 530 545 8
529 530 544 8
542 529 544 8
539 529 542 8
541 539 542 8
801 539 541 8
797 801 541 8
792 779 527 8
604 605 564 8
526 605 604 8
538 526 604 8
524 526 538 8
536 524 538 8
523 524 536 8
535 523 536 8
521 523 535 8
533 521 535 8
520 521 533 8
532 520 533 8
518 520 532 8
530 518 532 8
517 518 530 8
529 517 530 8
527 517 529 8
539 527 529 8
792 527 539 8
788 792 539 8
515 770 774 8
783 770 515 8
605 607 558 8
514 607 605 8
526 514 605 8
512 514 526 8
524 512 526 8
511 512 524 8
523 511 524 8
509 511 523 8
521 509 523 8
508 509 521 8
520 508 521 8
506 508 520 8
518 506 520 8
505 506 518 8
517 505 518 8
515 505 517 8
527 515 517 8
783 515 527 8
779 783 527 8
607 608 552 8
503 608 607 8
514 503 607 8
502 503 514 8
512 502 514 8
500 502 512 8
511 500 512 8
499 500 511 8
509 499 511 8
497 499 509 8
508 497 509 8
496 497 508 8
506 496 508 8
494 496 506 8
505 494 506 8
493 494 505 8
515 493 505 8
761 493 515 8
774 761 515 8
491 752 756 8
765 752 491 8
608 610 546 8
490 610 608 8
503 490 608 8
488 490 503 8
502 488 503 8
487 488 502 8
500 487 502 8
485 487 500 8
499 485 500 8
484 485 499 8
497 484 499 8
482 484 497 8
496 482 497 8
481 482 496 8
494 481 496 8
491 481 494 8
493 491 494 8
765 491 493 8
761 765 493 8
610 611 540 8
479 611 610 8
490 479 610 8
478 479 490 8
488 478 490 8
476 478 488 8
487 476 488 8
475 476 487 8
485 475 487 8
473 475 485 8
484 473 485 8
472 473 484 8
482 472 484 8
470 472 482 8
481 470 482 8
644 470 481 8
491 644 481 8
743 644 491 8
756 743 491 8
611 613 534 8
469 613 611 8
479 469 611 8
467 469 479 8
478 467 479 8
466 467 478 8
476 466 478 8
464 466 476 8
475 464 476 8
463 464 475 8
473 463 475 8
461 463 473 8
472 461 473 8
460 461 472 8
470 460 472 8
458 460 470 8
644 458 470 8
734 458 644 8
747 734 644 8
457 725 729 8
738 725 457 8
613 614 528 8
455 614 613 8
469 455 613 8
454 455 469 8
467 454 469 8
452 454 467 8
466 452 467 8
451 452 466 8
464 451 466 8
449 451 464 8
463 449 464 8
448 449 463 8
461 448 463 8
444 448 461 8
460 444 461 8
457 444 460 8
458 457 460 8
738 457 458 8
734 738 458 8
614 616 522 8
443 616 614 8
455 443 614 8
442 443 455 8
454 442 455 8
440 442 454 8
452 440 454 8
439 440 452 8
451 439 452 8
438 439 451 8
449 438 451 8
437 438 449 8
448 437 449 8
436 437 448 8
444 436 448 8
434 436 444 8
457 434 444 8
716 434 457 8
729 716 457 8
433 707 711 8
720 707 433 8
616 617 516 8
432 617 616 8
443 432 616 8
430 432 443 8
442 430 443 8
429 430 442 8
440 429 442 8
428 429 440 8
439 428 440 8
427 428 439 8
438 427 439 8
425 427 438 8
437 425 438 8
424 425 437 8
436 424 437 8
433 424 436 8
434 433 436 8
720 433 434 8
716 720 434 8
617 619 510 8
423 619 617 8
432 423 617 8
421 423 432 8
430 421 432 8
420 421 430 8
429 420 430 8
419 420 429 8
428 419 429 8
418 419 428 8
427 418 428 8
416 418 427 8
425 416 427 8
415 416 425 8
424 415 425 8
646 415 424 8
433 646 424 8
698 646 433 8
711 698 433 8
619 620 504 8
414 620 619 8
423 414 619 8
412 414 423 8
421 412 423 8
411 412 421 8
420 411 421 8
410 411 420 8
419 410 420 8
409 410 419 8
418 409 419 8
407 409 418 8
416 407 418 8
406 407 416 8
415 406 416 8
647 406 415 8
646 647 415 8
689 647 646 8
702 689 646 8
620 622 498 8
405 622 620 8
414 405 620 8
403 405 414 8
412 403 414 8
402 403 412 8
411 402 412 8
401 402 411 8
410 401 411 8
400 401 410 8
409 400 410 8
398 400 409 8
407 398 409 8
397 398 407 8
406 397 407 8
649 397 406 8
647 649 406 8
680 649 647 8
693 680 647 8
622 623 492 8
396 623 622 8
405 396 622 8
394 396 405 8
403 394 405 8
393 394 403 8
402 393 403 8
392 393 402 8
401 392 402 8
391 392 401 8
400 391 401 8
389 391 400 8
398 389 400 8
388 389 398 8
397 388 398 8
387 388 397 8
649 387 397 8
671 387 649 8
684 671 649 8
675 667 385 8
623 625 486 8
384 625 623 8
396 384 623 8
383 384 396 8
394 383 396 8
382 383 394 8
393 382 394 8
380 382 393 8
392 380 393 8
379 380 392 8
391 379 392 8
378 379 391 8
389 378 391 8
376 378 389 8
388 376 389 8
385 376 388 8
387 385 388 8
675 385 387 8
671 675 387 8
375 840 839 8
843 840 375 8
625 626 480 8
374 626 625 8
384 374 625 8
373 374 384 8
383 373 384 8
371 373 383 8
382 371 383 8
370 371 382 8
380 370 382 8
369 370 380 8
379 369 380 8
367 369 379 8
378 367 379 8
366 367 378 8
376 366 378 8
375 366 376 8
385 375 376 8
843 375 385 8
667 843 385 8
626 628 474 8
365 628 626 8
374 365 626 8
364 365 374 8
373 364 374 8
362 364 373 8
371 362 373 8
361 362 371 8
370 361 371 8
360 361 370 8
369 360 370 8
358 360 369 8
367 358 369 8
357 358 367 8
366 357 367 8
650 357 366 8
375 650 366 8
845 650 375 8
839 845 375 8
628 629 468 8
356 629 628 8
365 356 628 8
355 356 365 8
364 355 365 8
353 355 364 8
362 353 364 8
352 353 362 8
361 352 362 8
351 352 361 8
360 351 361 8
349 351 360 8
358 349 360 8
348 349 358 8
357 348 358 8
347 348 357 8
650 347 357 8
849 347 650 8
844 849 650 8
346 854 853 8
848 854 346 8
629 631 462 8
344 631 629 8
356 344 629 8
343 344 356 8
355 343 356 8
342 343 355 8
353 342 355 8
340 342 353 8
352 340 353 8
339 340 352 8
351 339 352 8
338 339 351 8
349 338 351 8
337 338 349 8
348 337 349 8
346 337 348 8
347 346 348 8
848 346 347 8
849 848 347 8
631 632 456 8
335 632 631 8
344 335 631 8
334 335 344 8
343 334 344 8
333 334 343 8
342 333 343 8
331 333 342 8
340 331 342 8
330 331 340 8
339 330 340 8
329 330 339 8
338 329 339 8
328 329 338 8
337 328 338 8
652 328 337 8
346 652 337 8
858 652 346 8
853 858 346 8
632 634 450 8
326 634 632 8
335 326 632 8
325 326 335 8
334 325 335 8
324 325 334 8
333 324 334 8
322 324 333 8
331 322 333 8
321 322 331 8
330 321 331 8
320 321 330 8
329 320 330 8
319 320 329 8
328 319 329 8
317 319 328 8
652 317 328 8
863 317 652 8
857 863 652 8
316 867 866 8
862 867 316 8
634 635 446 8
315 635 634 8
326 315 634 8
313 315 326 8
325 313 326 8
312 313 325 8
324 312 325 8
311 312 324 8
322 311 324 8
310 311 322 8
321 310 322 8
308 310 321 8
320 308 321 8
307 308 320 8
319 307 320 8
316 307 319 8
317 316 319 8
862 316 317 8
863 862 317 8
635 637 660 8
306 637 635 8
315 306 635 8
304 306 315 8
313 304 315 8
303 304 313 8
312 303 313 8
302 303 312 8
311 302 312 8
301 302 311 8
310 301 311 8
299 301 310 8
308 299 310 8
298 299 308 8
307 298 308 8
653 298 307 8
316 653 307 8
872 653 316 8
866 872 316 8
637 638 654 8
297 638 637 8
306 297 637 8
295 297 306 8
304 295 306 8
294 295 304 8
303 294 304 8
293 294 303 8
302 293 303 8
292 293 302 8
301 292 302 8
290 292 301 8
299 290 301 8
289 290 299 8
298 289 299 8
655 289 298 8
653 655 298 8
876 655 653 8
871 876 653 8
638 640 648 8
288 640 638 8
297 288 638 8
286 288 297 8
295 286 297 8
285 286 295 8
294 285 295 8
284 285 294 8
293 284 294 8
283 284 293 8
292 283 293 8
281 283 292 8
290 281 292 8
280 281 290 8
289 280 290 8
656 280 289 8
655 656 289 8
881 656 655 8
875 881 655 8
640 587 642 8
279 587 640 8
288 279 640 8
277 279 288 8
286 277 288 8
276 277 286 8
285 276 286 8
275 276 285 8
284 275 285 8
274 275 284 8
283 274 284 8
272 274 283 8
281 272 283 8
271 272 281 8
280 271 281 8
658 271 280 8
656 658 280 8
885 658 656 8
880 885 656 8
587 589 636 8
270 589 587 8
279 270 587 8
268 270 279 8
277 268 279 8
267 268 277 8
276 267 277 8
266 267 276 8
275 266 276 8
265 266 275 8
274 265 275 8
263 265 274 8
272 263 274 8
262 263 272 8
271 262 272 8
261 262 271 8
658 261 271 8
887 261 658 8
884 887 658 8
259 878 882 8
889 878 259 8
589 590 630 8
258 590 589 8
270 258 589 8
257 258 270 8
268 257 270 8
256 257 268 8
267 256 268 8
254 256 267 8
266 254 267 8
253 254 266 8
265 253 266 8
252 253 265 8
263 252 265 8
250 252 263 8
262 250 263 8
259 250 262 8
261 259 262 8
889 259 261 8
887 889 261 8
590 592 624 8
249 592 590 8
258 249 590 8
248 249 258 8
257 248 258 8
247 248 257 8
256 247 257 8
245 247 256 8
254 245 256 8
244 245 254 8
253 244 254 8
243 244 253 8
252 243 253 8
241 243 252 8
250 241 252 8
659 241 250 8
259 659 250 8
869 659 259 8
882 869 259 8
592 593 618 8
240 593 592 8
249 240 592 8
239 240 249 8
248 239 249 8
238 239 248 8
247 238 248 8
236 238 247 8
245 236 247 8
235 236 245 8
244 235 245 8
234 235 244 8
243 234 244 8
232 234 243 8
241 232 243 8
661 232 241 8
659 661 241 8
860 661 659 8
873 860 659 8
593 595 612 8
231 595 593 8
240 231 593 8
230 231 240 8
239 230 240 8
229 230 239 8
238 229 239 8
227 229 238 8
236 227 238 8
226 227 236 8
235 226 236 8
225 226 235 8
234 225 235 8
223 225 234 8
232 223 234 8
222 223 232 8
661 222 232 8
851 222 661 8
864 851 661 8
855 842 221 8
595 596 606 8
220 596 595 8
231 220 595 8
218 220 231 8
230 218 231 8
217 218 230 8
229 217 230 8
216 217 229 8
227 216 229 8
214 216 227 8
226 214 227 8
213 214 226 8
225 213 226 8
212 213 225 8
223 212 225 8
221 212 223 8
222 221 223 8
855 221 222 8
851 855 222 8
846 833 211 8
596 598 600 8
209 598 596 8
220 209 596 8
208 209 220 8
218 208 220 8
207 208 218 8
217 207 218 8
205 207 217 8
216 205 217 8
204 205 216 8
214 204 216 8
203 204 214 8
213 203 214 8
202 203 213 8
212 202 213 8
211 202 212 8
221 211 212 8
846 211 221 8
842 846 221 8
586 828 815 8
824 828 586 8
837 824 586 8
598 599 594 8
566 599 598 8
209 566 598 8
569 566 209 8
208 569 209 8
572 569 208 8
207 572 208 8
575 572 207 8
205 575 207 8
578 575 205 8
204 578 205 8
581 578 204 8
203 581 204 8
584 581 203 8
202 584 203 8
586 584 202 8
211 586 202 8
837 586 211 8
833 837 211 8
269 200 264 7
199 260 264 7
196 198 242 7
199 255 260 7
251 255 199 7
196 251 199 7
246 251 196 7
242 246 196 7
194 195 224 7
198 237 242 7
233 237 198 7
194 233 198 7
228 233 194 7
224 228 194 7
191 193 206 7
195 219 224 7
215 219 195 7
191 215 195 7
210 215 191 7
206 210 191 7
193 201 206 7
197 201 193 7
190 197 193 7
187 189 179 7
190 192 197 7
188 192 190 7
187 188 190 7
183 188 187 7
179 183 187 7
185 186 161 7
189 174 179 7
170 174 189 7
185 170 189 7
165 170 185 7
161 165 185 7
182 184 143 7
186 156 161 7
152 156 186 7
182 152 186 7
147 152 182 7
143 147 182 7
184 138 143 7
134 138 184 7
181 134 184 7
181 129 134 7
125 129 181 7
180 125 181 7
177 178 441 7
180 120 125 7
116 120 180 7
177 116 180 7
114 116 177 7
441 114 177 7
178 435 441 7
431 435 178 7
176 431 178 7
175 408 413 7
176 426 431 7
422 426 176 7
175 422 176 7
417 422 175 7
413 417 175 7
173 390 395 7
173 404 408 7
399 404 173 7
395 399 173 7
172 372 377 7
172 386 390 7
381 386 172 7
377 381 172 7
171 368 372 7
171 363 368 7
359 363 171 7
169 359 171 7
169 354 359 7
350 354 169 7
168 350 169 7
168 345 350 7
341 345 168 7
167 341 168 7
164 166 323 7
167 336 341 7
332 336 167 7
164 332 167 7
327 332 164 7
323 327 164 7
162 163 305 7
166 318 323 7
314 318 166 7
162 314 166 7
309 314 162 7
305 309 162 7
291 282 287 7
163 300 305 7
296 300 163 7
291 296 163 7
200 278 282 7
273 278 200 7
269 273 200 7
291 160 282 7
159 160 291 7
163 159 291 7
158 171 372 7
172 158 372 7
157 172 390 7
173 157 390 7
155 173 408 7
175 155 408 7
154 199 264 7
200 154 264 7
160 200 282 7
153 159 163 7
162 153 163 7
151 153 162 7
166 151 162 7
150 151 166 7
164 150 166 7
149 150 164 7
167 149 164 7
148 149 167 7
168 148 167 7
146 148 168 7
169 146 168 7
145 146 169 7
171 145 169 7
144 145 171 7
158 144 171 7
142 158 172 7
157 142 172 7
141 157 173 7
155 141 173 7
140 155 175 7
176 140 175 7
139 140 176 7
178 139 176 7
137 139 178 7
177 137 178 7
136 137 177 7
180 136 177 7
135 136 180 7
181 135 180 7
133 135 181 7
184 133 181 7
132 133 184 7
182 132 184 7
131 132 182 7
186 131 182 7
130 131 186 7
185 130 186 7
128 130 185 7
189 128 185 7
127 128 189 7
187 127 189 7
126 127 187 7
190 126 187 7
124 126 190 7
193 124 190 7
123 124 193 7
191 123 193 7
122 123 191 7
195 122 191 7
121 122 195 7
194 121 195 7
119 121 194 7
198 119 194 7
118 119 198 7
196 118 198 7
117 118 196 7
199 117 196 7
115 117 199 7
154 115 199 7
113 154 200 7
160 113 200 7
159 112 160 7
111 112 159 7
153 111 159 7
110 144 158 7
142 110 158 7
109 142 157 7
141 109 157 7
107 141 155 7
140 107 155 7
106 115 154 7
113 106 154 7
112 113 160 7
105 110 142 7
109 105 142 7
103 109 141 7
107 103 141 7
102 107 140 7
139 102 140 7
101 102 139 7
137 101 139 7
100 101 137 7
136 100 137 7
98 100 136 7
135 98 136 7
97 98 135 7
133 97 135 7
96 97 133 7
132 96 133 7
93 96 132 7
131 93 132 7
92 93 131 7
130 92 131 7
91 92 130 7
128 91 130 7
89 91 128 7
127 89 128 7
88 89 127 7
126 88 127 7
87 88 126 7
124 87 126 7
84 87 124 7
123 84 124 7
83 84 123 7
122 83 123 7
82 83 122 7
121 82 122 7
80 82 121 7
119 80 121 7
79 80 119 7
118 79 119 7
78 79 118 7
117 78 118 7
75 78 117 7
115 75 117 7
74 75 115 7
106 74 115 7
73 106 113 7
112 73 113 7
71 111 153 7
151 71 153 7
70 71 151 7
150 70 151 7
69 70 150 7
149 69 150 7
66 69 149 7
148 66 149 7
65 66 148 7
146 65 148 7
64 65 146 7
145 64 146 7
62 64 145 7
144 62 145 7
61 62 144 7
110 61 144 7
60 105 109 7
103 60 109 7
57 103 107 7
102 57 107 7
56 74 106 7
73 56 106 7
111 55 112 7
53 55 111 7
71 53 111 7
52 61 110 7
105 52 110 7
51 60 103 7
57 51 103 7
48 57 102 7
101 48 102 7
47 48 101 7
100 47 101 7
46 47 100 7
98 46 100 7
44 46 98 7
97 44 98 7
43 44 97 7
96 43 97 7
42 43 96 7
93 42 96 7
39 42 93 7
92 39 93 7
38 39 92 7
91 38 92 7
37 38 91 7
89 37 91 7
35 37 89 7
88 35 89 7
34 35 88 7
87 34 88 7
33 34 87 7
84 33 87 7
30 33 84 7
83 30 84 7
29 30 83 7
82 29 83 7
28 29 82 7
80 28 82 7
26 28 80 7
79 26 80 7
25 26 79 7
78 25 79 7
24 25 78 7
75 24 78 7
21 24 75 7
74 21 75 7
20 21 74 7
56 20 74 7
55 73 112 7
19 53 71 7
70 19 71 7
17 19 70 7
69 17 70 7
16 17 69 7
66 16 69 7
15 16 66 7
65 15 66 7
12 15 65 7
64 12 65 7
11 12 64 7
62 11 64 7
10 11 62 7
61 10 62 7
8 10 61 7
52 8 61 7
7 52 105 7
60 7 105 7
507 51 57 7
48 507 57 7
6 56 73 7
55 6 73 7
53 645 55 7
651 645 53 7
19 651 53 7
483 8 52 7
7 483 52 7
495 7 60 7
51 495 60 7
513 507 48 7
47 513 48 7
519 513 47 7
46 519 47 7
525 519 46 7
44 525 46 7
531 525 44 7
43 531 44 7
537 531 43 7
42 537 43 7
543 537 42 7
39 543 42 7
549 543 39 7
38 549 39 7
555 549 38 7
37 555 38 7
561 555 37 7
35 561 37 7
567 561 35 7
34 567 35 7
573 567 34 7
33 573 34 7
579 573 33 7
30 579 33 7
585 579 30 7
29 585 30 7
591 585 29 7
28 591 29 7
597 591 28 7
26 597 28 7
603 597 26 7
25 603 26 7
609 603 25 7
24 609 25 7
615 609 24 7
21 615 24 7
621 615 21 7
20 621 21 7
633 20 56 7
6 633 56 7
645 6 55 7
657 651 19 7
17 657 19 7
445 657 17 7
16 445 17 7
447 445 16 7
15 447 16 7
453 447 15 7
12 453 15 7
459 453 12 7
11 459 12 7
465 459 11 7
10 465 11 7
471 465 10 7
8 471 10 7
477 471 8 7
483 477 8 7
489 483 7 7
495 489 7 7
501 495 51 7
507 501 51 7
627 621 20 7
633 627 20 7
639 633 6 7
645 639 6 7
890 891 927 9
927 891 928 9
891 892 928 9
928 892 929 9
892 893 929 9
929 893 930 9
893 894 930 9
930 894 931 9
894 895 931 9
931 895 932 9
895 896 932 9
932 896 933 9
896 897 933 9
933 897 934 9
897 898 934 9
934 898 935 9
898 899 935 9
935 899 936 9
899 900 936 9
936 900 937 9
900 901 937 9
937 901 938 9
901 902 938 9
938 902 939 9
902 903 939 9
939 903 940 9
903 904 940 9
940 904 941 9
904 905 941 9
941 905 942 9
905 906 942 9
942 906 943 9
906 907 943 9
943 907 944 9
907 908 944 9
944 908 945 9
908 909 945 9
945 909 946 9
909 910 946 9
946 910 947 9
910 911 947 9
947 911 948 9
911 912 948 9
948 912 949 9
912 913 949 9
949 913 950 9
913 914 950 9
950 914 951 9
914 915 951 9
951 915 952 9
915 916 952 9
952 916 953 9
916 917 953 9
953 917 954 9
917 918 954 9
954 918 955 9
918 919 955 9
955 919 956 9
919 920 956 9
956 920 957 9
920 921 957 9
957 921 958 9
921 922 958 9
958 922 959 9
922 923 959 9
959 923 960 9
923 924 960 9
960 924 961 9
924 925 961 9
961 925 962 9
925 926 962 9
962 926 963 9
926 890 963 9
963 890 927 9
927 928 964 9
964 928 965 9
928 929 965 9
965 929 966 9
929 930 966 9
966 930 967 9
930 931 967 9
967 931 968 9
931 932 968 9
968 932 969 9
932 933 969 9
969 933 970 9
933 934 970 9
970 934 971 9
934 935 971 9
971 935 972 9
935 936 972 9
972 936 973 9
936 937 973 9
973 937 974 9
937 938 974 9
974 938 975 9
938 939 975 9
975 939 976 9
939 940 976 9
976 940 977 9
940 941 977 9
977 941 978 9
941 942 978 9
978 942 979 9
942 943 979 9
979 943 980 9
943 944 980 9
980 944 981 9
944 945 981 9
981 945 982 9
945 946 982 9
982 946 983 9
946 947 983 9
983 947 984 9
947 948 984 9
984 948 985 9
948 949 985 9
985 949 986 9
949 950 986 9
986 950 987 9
950 951 987 9
987 951 988 9
951 952 988 9
988 952 989 9
952 953 989 9
989 953 990 9
953 954 990 9
990 954 991 9
954 955 991 9
991 955 992 9
955 956 992 9
992 956 993 9
956 957 993 9
993 957 994 9
957 958 994 9
994 958 995 9
958 959 995 9
995 959 996 9
959 960 996 9
996 960 997 9
960 961 997 9
997 961 998 9
961 962 998 9
998 962 999 9
962 963 999 9
999 963 1000 9
963 927 1000 9
1000 927 964 9
964 965 1001 9
1001 965 1002 9
965 966 1002 9
1002 966 1003 9
966 967 1003 9
1003 967 1004 9
967 968 1004 9
1004 968 1005 9
968 969 1005 9
1005 969 1006 9
969 970 1006 9
1006 970 1007 9
970 971 1007 9
1007 971 1008 9
971 972 1008 9
1008 972 1009 9
972 973 1009 9
1009 973 1010 9
973 974 1010 9
1010 974 1011 9
974 975 1011 9
1011 975 1012 9
975 976 1012 9
1012 976 1013 9
976 977 1013 9
1013 977 1014 9
977 978 1014 9
1014 978 1015 9
978 979 1015 9
1015 979 1016 9
979 980 1016 9
1016 980 1017 9
980 981 1017 9
1017 981 1018 9
981 982 1018 9
1018 982 1019 9
982 983 1019 9
1019 983 1020 9
983 984 1020 9
1020 984 1021 9
984 985 1021 9
1021 985 1022 9
985 986 1022 9
1022 986 1023 9
986 987 1023 9
1023 987 1024 9
987 988 1024 9
1024 988 1025 9
988 989 1025 9
1025 989 1026 9
989 990 1026 9
1026 990 1027 9
990 991 1027 9
1027 991 1028 9
991 992 1028 9
1028 992 1029 9
992 993 1029 9
1029 993 1030 9
993 994 1030 9
1030 994 1031 9
994 995 1031 9
1031 995 1032 9
995 996 1032 9
1032 996 1033 9
996 997 1033 9
1033 997 1034 9
997 998 1034 9
1034 998 1035 9
998 999 1035 9
1035 999 1036 9
999 1000 1036 9
1036 1000 1037 9
1000 964 1037 9
1037 964 1001 9
1001 1002 1038 9
1038 1002 1039 9
1002 1003 1039 9
1039 1003 1040 9
1003 1004 1040 9
1040 1004 1041 9
1004 1005 1041 9
1041 1005 1042 9
1005 1006 1042 9
1042 1006 1043 9
1006 1007 1043 9
1043 1007 1044 9
1007 1008 1044 9
1044 1008 1045 9
1008 1009 1045 9
1045 1009 1046 9
1009 1010 1046 9
1046 1010 1047 9
1010 1011 1047 9
1047 1011 1048 9
1011 1012 1048 9
1048 1012 1049 9
1012 1013 1049 9
1049 1013 1050 9
1013 1014 1050 9
1050 1014 1051 9
1014 1015 1051 9
1051 1015 1052 9
1015 1016 1052 9
1052 1016 1053 9
1016 1017 1053 9
1053 1017 1054 9
1017 1018 1054 9
1054 1018 1055 9
1018 1019 1055 9
1055 1019 1056 9
1019 1020 1056 9
1056 1020 1057 9
1020 1021 1057 9
1057 1021 1058 9
1021 1022 1058 9
1058 1022 1059 9
1022 1023 1059 9
1059 1023 1060 9
1023 1024 1060 9
1060 1024 1061 9
1024 1025 1061 9
1061 1025 1062 9
1025 1026 1062 9
1062 1026 1063 9
1026 1027 1063 9
1063 1027 1064 9
1027 1028 1064 9
1064 1028 1065 9
1028 1029 1065 9
1065 1029 1066 9
1029 1030 1066 9
1066 1030 1067 9
1030 1031 1067 9
1067 1031 1068 9
1031 1032 1068 9
1068 1032 1069 9
1032 1033 1069 9
1069 1033 1070 9
1033 1034 1070 9
1070 1034 1071 9
1034 1035 1071 9
1071 1035 1072 9
1035 1036 1072 9
1072 1036 1073 9
1036 1037 1073 9
1073 1037 1074 9
1037 1001 1074 9
1074 1001 1038 9
1038 1039 1075 9
1075 1039 1076 9
1039 1040 1076 9
1076 1040 1077 9
1040 1041 1077 9
1077 1041 1078 9
1041 1042 1078 9
1078 1042 1079 9
1042 1043 1079 9
1079 1043 1080 9
1043 1044 1080 9
1080 1044 1081 9
1044 1045 1081 9
1081 1045 1082 9
1045 1046 1082 9
1082 1046 1083 9
1046 1047 1083 9
1083 1047 1084 9
1047 1048 1084 9
1084 1048 1085 9
1048 1049 1085 9
1085 1049 1086 9
1049 1050 1086 9
1086 1050 1087 9
1050 1051 1087 9
1087 1051 1088 9
1051 1052 1088 9
1088 1052 1089 9
1052 1053 1089 9
1089 1053 1090 9
1053 1054 1090 9
1090 1054 1091 9
1054 1055 1091 9
1091 1055 1092 9
1055 1056 1092 9
1092 1056 1093 9
1056 1057 1093 9
1093 1057 1094 9
1057 1058 1094 9
1094 1058 1095 9
1058 1059 1095 9
1095 1059 1096 9
1059 1060 1096 9
1096 1060 1097 9
1060 1061 1097 9
1097 1061 1098 9
1061 1062 1098 9
1098 1062 1099 9
1062 1063 1099 9
1099 1063 1100 9
1063 1064 1100 9
1100 1064 1101 9
1064 1065 1101 9
1101 1065 1102 9
1065 1066 1102 9
1102 1066 1103 9
1066 1067 1103 9
1103 1067 1104 9
1067 1068 1104 9
1104 1068 1105 9
1068 1069 1105 9
1105 1069 1106 9
1069 1070 1106 9
1106 1070 1107 9
1070 1071 1107 9
1107 1071 1108 9
1071 1072 1108 9
1108 1072 1109 9
1072 1073 1109 9
1109 1073 1110 9
1073 1074 1110 9
1110 1074 1111 9
1074 1038 1111 9
1111 1038 1075 9
1075 1076 1112 9
1112 1076 1113 9
1076 1077 1113 9
1113 1077 1114 9
1077 1078 1114 9
1114 1078 1115 9
1078 1079 1115 9
1115 1079 1116 9
1079 1080 1116 9
1116 1080 1117 9
1080 1081 1117 9
1117 1081 1118 9
1081 1082 1118 9
1118 1082 1119 9
1082 1083 1119 9
1119 1083 1120 9
1083 1084 1120 9
1120 1084 1121 9
1084 1085 1121 9
1121 1085 1122 9
1085 1086 1122 9
1122 1086 1123 9
1086 1087 1123 9
1123 1087 1124 9
1087 1088 1124 9
1124 1088 1125 9
1088 1089 1125 9
1125 1089 1126 9
1089 1090 1126 9
1126 1090 1127 9
1090 1091 1127 9
1127 1091 1128 9
1091 1092 1128 9
1128 1092 1129 9
1092 1093 1129 9
1129 1093 1130 9
1093 1094 1130 9
1130 1094 1131 9
1094 1095 1131 9
1131 1095 1132 9
1095 1096 1132 9
1132 1096 1133 9
1096 1097 1133 9
1133 1097 1134 9
1097 1098 1134 9
1134 1098 1135 9
1098 1099 1135 9
1135 1099 1136 9
1099 1100 1136 9
1136 1100 1137 9
1100 1101 1137 9
1137 1101 1138 9
1101 1102 1138 9
1138 1102 1139 9
1102 1103 1139 9
1139 1103 1140 9
1103 1104 1140 9
1140 1104 1141 9
1104 1105 1141 9
1141 1105 1142 9
1105 1106 1142 9
1142 1106 1143 9
1106 1107 1143 9
1143 1107 1144 9
1107 1108 1144 9
1144 1108 1145 9
1108 1109 1145 9
1145 1109 1146 9
1109 1110 1146 9
1146 1110 1147 9
1110 1111 1147 9
1147 1111 1148 9
1111 1075 1148 9
1148 1075 1112 9
1112 1113 1149 9
1149 1113 1150 9
1113 1114 1150 9
1150 1114 1151 9
1114 1115 1151 9
1151 1115 1152 9
1115 1116 1152 9
1152 1116 1153 9
1116 1117 1153 9
1153 1117 1154 9
1117 1118 1154 9
1154 1118 1155 9
1118 1119 1155 9
1155 1119 1156 9
1119 1120 1156 9
1156 1120 1157 9
1120 1121 1157 9
1157 1121 1158 9
1121 1122 1158 9
1158 1122 1159 9
1122 1123 1159 9
1159 1123 1160 9
1123 1124 1160 9
1160 1124 1161 9
1124 1125 1161 9
1161 1125 1162 9
1125 1126 1162 9
1162 1126 1163 9
1126 1127 1163 9
1163 1127 1164 9
1127 1128 1164 9
1164 1128 1165 9
1128 1129 1165 9
1165 1129 1166 9
1129 1130 1166 9
1166 1130 1167 9
1130 1131 1167 9
1167 1131 1168 9
1131 1132 1168 9
1168 1132 1169 9
1132 1133 1169 9
1169 1133 1170 9
1133 1134 1170 9
1170 1134 1171 9
1134 1135 1171 9
1171 1135 1172 9
1135 1136 1172 9
1172 1136 1173 9
1136 1137 1173 9
1173 1137 1174 9
1137 1138 1174 9
1174 1138 1175 9
1138 1139 1175 9
1175 1139 1176 9
1139 1140 1176 9
1176 1140 1177 9
1140 1141 1177 9
1177 1141 1178 9
1141 1142 1178 9
1178 1142 1179 9
1142 1143 1179 9
1179 1143 1180 9
1143 1144 1180 9
1180 1144 1181 9
1144 1145 1181 9
1181 1145 1182 9
1145 1146 1182 9
1182 1146 1183 9
1146 1147 1183 9
1183 1147 1184 9
1147 1148 1184 9
1184 1148 1185 9
1148 1112 1185 9
1185 1112 1149 9
1149 1150 1186 9
1186 1150 1187 9
1150 1151 1187 9
1187 1151 1188 9
1151 1152 1188 9
1188 1152 1189 9
1152 1153 1189 9
1189 1153 1190 9
1153 1154 1190 9
1190 1154 1191 9
1154 1155 1191 9
1191 1155 1192 9
1155 1156 1192 9
1192 1156 1193 9
1156 1157 1193 9
1193 1157 1194 9
1157 1158 1194 9
1194 1158 1195 9
1158 1159 1195 9
1195 1159 1196 9
1159 1160 1196 9
1196 1160 1197 9
1160 1161 1197 9
1197 1161 1198 9
1161 1162 1198 9
1198 1162 1199 9
1162 1163 1199 9
1199 1163 1200 9
1163 1164 1200 9
1200 1164 1201 9
1164 1165 1201 9
1201 1165 1202 9
1165 1166 1202 9
1202 1166 1203 9
1166 1167 1203 9
1203 1167 1204 9
1167 1168 1204 9
1204 1168 1205 9
1168 1169 1205 9
1205 1169 1206 9
1169 1170 1206 9
1206 1170 1207 9
1170 1171 1207 9
1207 1171 1208 9
1171 1172 1208 9
1208 1172 1209 9
1172 1173 1209 9
1209 1173 1210 9
1173 1174 1210 9
1210 1174 1211 9
1174 1175 1211 9
1211 1175 1212 9
1175 1176 1212 9
1212 1176 1213 9
1176 1177 1213 9
1213 1177 1214 9
1177 1178 1214 9
1214 1178 1215 9
1178 1179 1215 9
1215 1179 1216 9
1179 1180 1216 9
1216 1180 1217 9
1180 1181 1217 9
1217 1181 1218 9
1181 1182 1218 9
1218 1182 1219 9
1182 1183 1219 9
1219 1183 1220 9
1183 1184 1220 9
1220 1184 1221 9
1184 1185 1221 9
1221 1185 1222 9
1185 1149 1222 9
1222 1149 1186 9
1186 1187 1223 9
1223 1187 1224 9
1187 1188 1224 9
1224 1188 1225 9
1188 1189 1225 9
1225 1189 1226 9
1189 1190 1226 9
1226 1190 1227 9
1190 1191 1227 9
1227 1191 1228 9
1191 1192 1228 9
1228 1192 1229 9
1192 1193 1229 9
1229 1193 1230 9
1193 1194 1230 9
1230 1194 1231 9
1194 1195 1231 9
1231 1195 1232 9
1195 1196 1232 9
1232 1196 1233 9
1196 1197 1233 9
1233 1197 1234 9
1197 1198 1234 9
1234 1198 1235 9
1198 1199 1235 9
1235 1199 1236 9
1199 1200 1236 9
1236 1200 1237 9
1200 1201 1237 9
1237 1201 1238 9
1201 1202 1238 9
1238 1202 1239 9
1202 1203 1239 9
1239 1203 1240 9
1203 1204 1240 9
1240 1204 1241 9
1204 1205 1241 9
1241 1205 1242 9
1205 1206 1242 9
1242 1206 1243 9
1206 1207 1243 9
1243 1207 1244 9
1207 1208 1244 9
1244 1208 1245 9
1208 1209 1245 9
1245 1209 1246 9
1209 1210 1246 9
1246 1210 1247 9
1210 1211 1247 9
1247 1211 1248 9
1211 1212 1248 9
1248 1212 1249 9
1212 1213 1249 9
1249 1213 1250 9
1213 1214 1250 9
1250 1214 1251 9
1214 1215 1251 9
1251 1215 1252 9
1215 1216 1252 9
1252 1216 1253 9
1216 1217 1253 9
1253 1217 1254 9
1217 1218 1254 9
1254 1218 1255 9
1218 1219 1255 9
1255 1219 1256 9
1219 1220 1256 9
1256 1220 1257 9
1220 1221 1257 9
1257 1221 1258 9
1221 1222 1258 9
1258 1222 1259 9
1222 1186 1259 9
1259 1186 1223 9
1223 1224 22 9
1224 1225 23 9
1225 1226 27 9
1226 1227 13 9
1227 1228 14 9
1228 1229 18 9
1229 1230 4 9
1230 1231 5 9
1231 1232 9 9
1232 1233 1 9
1233 1234 2 9
1234 1235 104 9
1235 1236 108 9
1236 1237 94 9
1237 1238 95 9
1238 1239 99 9
1239 1240 85 9
1240 1241 86 9
1241 1242 90 9
1242 1243 76 9
1243 1244 77 9
1244 1245 81 9
1245 1246 67 9
1246 1247 68 9
1247 1248 72 9
1248 1249 58 9
1249 1250 59 9
1250 1251 63 9
1251 1252 49 9
1252 1253 50 9
1253 1254 54 9
1254 1255 40 9
1255 1256 41 9
1256 1257 45 9
1257 1258 31 9
1258 1259 32 9
1259 1223 36 9
891 890 3 10
892 891 3 10
893 892 3 10
894 893 3 10
895 894 3 10
896 895 3 10
897 896 3 10
898 897 3 10
899 898 3 10
900 899 3 10
901 900 3 10
902 901 3 10
903 902 3 10
904 903 3 10
905 904 3 10
906 905 3 10
907 906 3 10
908 907 3 10
909 908 3 10
910 909 3 10
911 910 3 10
912 911 3 10
913 912 3 10
914 913 3 10
915 914 3 10
916 915 3 10
917 916 3 10
918 917 3 10
919 918 3 10
920 919 3 10
921 920 3 10
922 921 3 10
923 922 3 10
924 923 3 10
925 924 3 10
926 925 3 10
890 926 3 10
1224 23 22 9
1225 27 23 9
1226 13 27 9
1227 14 13 9
1228 18 14 9
1229 4 18 9
1230 5 4 9
1231 9 5 9
1232 1 9 9
1233 2 1 9
1234 104 2 9
1235 108 104 9
1236 94 108 9
1237 95 94 9
1238 99 95 9
1239 85 99 9
1240 86 85 9
1241 90 86 9
1242 76 90 9
1243 77 76 9
1244 81 77 9
1245 67 81 9
1246 68 67 9
1247 72 68 9
1248 58 72 9
1249 59 58 9
1250 63 59 9
1251 49 63 9
1252 50 49 9
1253 54 50 9
1254 40 54 9
1255 41 40 9
1256 45 41 9
1257 31 45 9
1258 32 31 9
1259 36 32 9
1223 22 36 9
